{
    "animation": [
        {
            "name": "Root",
            "time": [0.0, 0.0167, 0.0333, 0.05, 0.0667, 0.0833, 0.1, 0.1167, 0.1333, 0.15, 0.1667, 0.1833, 0.2, 0.2167, 0.2333, 0.25, 0.2667, 0.2833, 0.3, 0.3167, 0.3333, 0.35, 0.3667, 0.3833, 0.4, 0.4167, 0.4333, 0.45, 0.4667, 0.4833, 0.5, 0.5167, 0.5333, 0.55, 0.5667, 0.5833, 0.6, 0.6167, 0.6333, 0.65, 0.6667, 0.6833, 0.7, 0.7167, 0.7333, 0.75, 0.7667, 0.7833, 0.8, 0.8167, 0.8333, 0.85, 0.8667, 0.8833, 0.9, 0.9167, 0.9333, 0.95, 0.9667, 0.9833, 1.0, 1.0167, 1.0333, 1.05, 1.0667, 1.0833, 1.1, 1.1167, 1.1333, 1.15, 1.1667, 1.1833, 1.2, 1.2167, 1.2333, 1.25, 1.2667, 1.2833, 1.3, 1.3167, 1.3333, 1.35, 1.3667, 1.3833, 1.4, 1.4167, 1.4333, 1.45, 1.4667, 1.4833, 1.5, 1.5167, 1.5333, 1.55, 1.5667, 1.5833, 1.6, 1.6167, 1.6333, 1.65, 1.6667, 1.6833, 1.7, 1.7167, 1.7333, 1.75, 1.7667, 1.7833, 1.8, 1.8167, 1.8333, 1.85, 1.8667],
            "transform": [
                [1.0, 0.0, -0.0, 0.00321, -0.0, 0.0, -1.0, 0.01186, 0.0, 1.0, 0.0, 0.621261, 0.0, 0.0, 0.0, 1.0],
                [1.0, 0.0, -0.0, 0.00321, -0.0, 0.0, -1.0, 0.01186, 0.0, 1.0, 0.0, 0.621178, 0.0, 0.0, 0.0, 1.0],
                [1.0, 0.0, -0.0, 0.00321, -0.0, 0.0, -1.0, 0.01186, 0.0, 1.0, 0.0, 0.620929, 0.0, 0.0, 0.0, 1.0],
                [1.0, 0.0, -0.0, 0.00321, -0.0, 0.0, -1.0, 0.01186, 0.0, 1.0, 0.0, 0.620512, 0.0, 0.0, 0.0, 1.0],
                [1.0, 0.0, -0.0, 0.00321, -0.0, 0.0, -1.0, 0.01186, 0.0, 1.0, 0.0, 0.619926, 0.0, 0.0, 0.0, 1.0],
                [1.0, 0.0, -0.0, 0.00321, -0.0, 0.0, -1.0, 0.01186, 0.0, 1.0, 0.0, 0.619172, 0.0, 0.0, 0.0, 1.0],
                [1.0, 0.0, -0.0, 0.00321, -0.0, 0.0, -1.0, 0.01186, 0.0, 1.0, 0.0, 0.618249, 0.0, 0.0, 0.0, 1.0],
                [1.0, 0.0, -0.0, 0.00321, -0.0, 0.0, -1.0, 0.01186, 0.0, 1.0, 0.0, 0.617159, 0.0, 0.0, 0.0, 1.0],
                [1.0, 0.0, -0.0, 0.00321, -0.0, 0.0, -1.0, 0.01186, 0.0, 1.0, 0.0, 0.615906, 0.0, 0.0, 0.0, 1.0],
                [1.0, 0.0, -0.0, 0.00321, -0.0, 0.0, -1.0, 0.01186, 0.0, 1.0, 0.0, 0.614492, 0.0, 0.0, 0.0, 1.0],
                [1.0, 0.0, -0.0, 0.00321, -0.0, 0.0, -1.0, 0.01186, 0.0, 1.0, 0.0, 0.612921, 0.0, 0.0, 0.0, 1.0],
                [1.0, 0.0, -0.0, 0.00321, -0.0, 0.0, -1.0, 0.01186, 0.0, 1.0, 0.0, 0.611202, 0.0, 0.0, 0.0, 1.0],
                [1.0, 0.0, -0.0, 0.00321, -0.0, 0.0, -1.0, 0.01186, 0.0, 1.0, 0.0, 0.609339, 0.0, 0.0, 0.0, 1.0],
                [1.0, 0.0, -0.0, 0.00321, -0.0, 0.0, -1.0, 0.01186, 0.0, 1.0, 0.0, 0.607343, 0.0, 0.0, 0.0, 1.0],
                [1.0, 0.0, -0.0, 0.00321, -0.0, 0.0, -1.0, 0.01186, 0.0, 1.0, 0.0, 0.605224, 0.0, 0.0, 0.0, 1.0],
                [1.0, 0.0, -0.0, 0.00321, -0.0, 0.0, -1.0, 0.01186, 0.0, 1.0, 0.0, 0.602993, 0.0, 0.0, 0.0, 1.0],
                [1.0, 0.0, -0.0, 0.00321, -0.0, 0.0, -1.0, 0.01186, 0.0, 1.0, 0.0, 0.600663, 0.0, 0.0, 0.0, 1.0],
                [1.0, 0.0, -0.0, 0.00321, -0.0, 0.0, -1.0, 0.01186, 0.0, 1.0, 0.0, 0.598248, 0.0, 0.0, 0.0, 1.0],
                [1.0, 0.0, -0.0, 0.00321, -0.0, 0.0, -1.0, 0.01186, 0.0, 1.0, 0.0, 0.595764, 0.0, 0.0, 0.0, 1.0],
                [1.0, 0.0, -0.0, 0.00321, -0.0, 0.0, -1.0, 0.01186, 0.0, 1.0, 0.0, 0.593228, 0.0, 0.0, 0.0, 1.0],
                [1.0, 0.0, -0.0, 0.00321, -0.0, 0.0, -1.0, 0.01186, 0.0, 1.0, 0.0, 0.590656, 0.0, 0.0, 0.0, 1.0],
                [1.0, 0.0, -0.0, 0.00321, -0.0, 0.0, -1.0, 0.01186, 0.0, 1.0, 0.0, 0.588066, 0.0, 0.0, 0.0, 1.0],
                [1.0, 0.0, -0.0, 0.00321, -0.0, 0.0, -1.0, 0.01186, 0.0, 1.0, 0.0, 0.585475, 0.0, 0.0, 0.0, 1.0],
                [1.0, 0.0, -0.0, 0.00321, -0.0, 0.0, -1.0, 0.01186, 0.0, 1.0, 0.0, 0.582903, 0.0, 0.0, 0.0, 1.0],
                [1.0, 0.0, -0.0, 0.00321, -0.0, 0.0, -1.0, 0.01186, 0.0, 1.0, 0.0, 0.580367, 0.0, 0.0, 0.0, 1.0],
                [1.0, 0.0, -0.0, 0.00321, -0.0, 0.0, -1.0, 0.01186, 0.0, 1.0, 0.0, 0.577883, 0.0, 0.0, 0.0, 1.0],
                [1.0, 0.0, -0.0, 0.00321, -0.0, 0.0, -1.0, 0.01186, 0.0, 1.0, 0.0, 0.575468, 0.0, 0.0, 0.0, 1.0],
                [1.0, 0.0, -0.0, 0.00321, -0.0, 0.0, -1.0, 0.01186, 0.0, 1.0, 0.0, 0.573138, 0.0, 0.0, 0.0, 1.0],
                [1.0, 0.0, -0.0, 0.00321, -0.0, 0.0, -1.0, 0.01186, 0.0, 1.0, 0.0, 0.570907, 0.0, 0.0, 0.0, 1.0],
                [1.0, 0.0, -0.0, 0.00321, -0.0, 0.0, -1.0, 0.01186, 0.0, 1.0, 0.0, 0.568788, 0.0, 0.0, 0.0, 1.0],
                [1.0, 0.0, -0.0, 0.00321, -0.0, 0.0, -1.0, 0.01186, 0.0, 1.0, 0.0, 0.566792, 0.0, 0.0, 0.0, 1.0],
                [1.0, 0.0, -0.0, 0.00321, -0.0, 0.0, -1.0, 0.01186, 0.0, 1.0, 0.0, 0.564929, 0.0, 0.0, 0.0, 1.0],
                [1.0, 0.0, -0.0, 0.00321, -0.0, 0.0, -1.0, 0.01186, 0.0, 1.0, 0.0, 0.563209, 0.0, 0.0, 0.0, 1.0],
                [1.0, 0.0, -0.0, 0.00321, -0.0, 0.0, -1.0, 0.01186, 0.0, 1.0, 0.0, 0.561639, 0.0, 0.0, 0.0, 1.0],
                [1.0, 0.0, -0.0, 0.00321, -0.0, 0.0, -1.0, 0.01186, 0.0, 1.0, 0.0, 0.560225, 0.0, 0.0, 0.0, 1.0],
                [1.0, 0.0, -0.0, 0.00321, -0.0, 0.0, -1.0, 0.01186, 0.0, 1.0, 0.0, 0.558971, 0.0, 0.0, 0.0, 1.0],
                [1.0, 0.0, -0.0, 0.00321, -0.0, 0.0, -1.0, 0.01186, 0.0, 1.0, 0.0, 0.557882, 0.0, 0.0, 0.0, 1.0],
                [1.0, 0.0, -0.0, 0.00321, -0.0, 0.0, -1.0, 0.01186, 0.0, 1.0, 0.0, 0.556959, 0.0, 0.0, 0.0, 1.0],
                [1.0, 0.0, -0.0, 0.00321, -0.0, 0.0, -1.0, 0.01186, 0.0, 1.0, 0.0, 0.556205, 0.0, 0.0, 0.0, 1.0],
                [1.0, 0.0, -0.0, 0.00321, -0.0, 0.0, -1.0, 0.01186, 0.0, 1.0, 0.0, 0.555619, 0.0, 0.0, 0.0, 1.0],
                [1.0, 0.0, -0.0, 0.00321, -0.0, 0.0, -1.0, 0.01186, 0.0, 1.0, 0.0, 0.555202, 0.0, 0.0, 0.0, 1.0],
                [1.0, 0.0, -0.0, 0.00321, -0.0, 0.0, -1.0, 0.01186, 0.0, 1.0, 0.0, 0.554953, 0.0, 0.0, 0.0, 1.0],
                [1.0, 0.0, -0.0, 0.00321, -0.0, 0.0, -1.0, 0.01186, 0.0, 1.0, 0.0, 0.55487, 0.0, 0.0, 0.0, 1.0],
                [1.0, 0.0, -0.0, 0.00321, -0.0, 0.0, -1.0, 0.01186, 0.0, 1.0, 0.0, 0.5549, 0.0, 0.0, 0.0, 1.0],
                [1.0, 0.0, -0.0, 0.00321, -0.0, 0.0, -1.0, 0.01186, 0.0, 1.0, 0.0, 0.554989, 0.0, 0.0, 0.0, 1.0],
                [1.0, 0.0, -0.0, 0.00321, -0.0, 0.0, -1.0, 0.01186, 0.0, 1.0, 0.0, 0.555139, 0.0, 0.0, 0.0, 1.0],
                [1.0, 0.0, -0.0, 0.00321, -0.0, 0.0, -1.0, 0.01186, 0.0, 1.0, 0.0, 0.555349, 0.0, 0.0, 0.0, 1.0],
                [1.0, 0.0, -0.0, 0.00321, -0.0, 0.0, -1.0, 0.01186, 0.0, 1.0, 0.0, 0.555619, 0.0, 0.0, 0.0, 1.0],
                [1.0, 0.0, -0.0, 0.00321, -0.0, 0.0, -1.0, 0.01186, 0.0, 1.0, 0.0, 0.55595, 0.0, 0.0, 0.0, 1.0],
                [1.0, 0.0, -0.0, 0.00321, -0.0, 0.0, -1.0, 0.01186, 0.0, 1.0, 0.0, 0.556342, 0.0, 0.0, 0.0, 1.0],
                [1.0, 0.0, -0.0, 0.00321, -0.0, 0.0, -1.0, 0.01186, 0.0, 1.0, 0.0, 0.556795, 0.0, 0.0, 0.0, 1.0],
                [1.0, 0.0, -0.0, 0.00321, -0.0, 0.0, -1.0, 0.01186, 0.0, 1.0, 0.0, 0.557308, 0.0, 0.0, 0.0, 1.0],
                [1.0, 0.0, -0.0, 0.00321, -0.0, 0.0, -1.0, 0.01186, 0.0, 1.0, 0.0, 0.557882, 0.0, 0.0, 0.0, 1.0],
                [1.0, 0.0, -0.0, 0.00321, -0.0, 0.0, -1.0, 0.01186, 0.0, 1.0, 0.0, 0.558516, 0.0, 0.0, 0.0, 1.0],
                [1.0, 0.0, -0.0, 0.00321, -0.0, 0.0, -1.0, 0.01186, 0.0, 1.0, 0.0, 0.559209, 0.0, 0.0, 0.0, 1.0],
                [1.0, 0.0, -0.0, 0.00321, -0.0, 0.0, -1.0, 0.01186, 0.0, 1.0, 0.0, 0.559961, 0.0, 0.0, 0.0, 1.0],
                [1.0, 0.0, -0.0, 0.00321, -0.0, 0.0, -1.0, 0.01186, 0.0, 1.0, 0.0, 0.560772, 0.0, 0.0, 0.0, 1.0],
                [1.0, 0.0, -0.0, 0.00321, -0.0, 0.0, -1.0, 0.01186, 0.0, 1.0, 0.0, 0.561639, 0.0, 0.0, 0.0, 1.0],
                [1.0, 0.0, -0.0, 0.00321, -0.0, 0.0, -1.0, 0.01186, 0.0, 1.0, 0.0, 0.562563, 0.0, 0.0, 0.0, 1.0],
                [1.0, 0.0, -0.0, 0.00321, -0.0, 0.0, -1.0, 0.01186, 0.0, 1.0, 0.0, 0.563542, 0.0, 0.0, 0.0, 1.0],
                [1.0, 0.0, -0.0, 0.00321, -0.0, 0.0, -1.0, 0.01186, 0.0, 1.0, 0.0, 0.564574, 0.0, 0.0, 0.0, 1.0],
                [1.0, 0.0, -0.0, 0.00321, -0.0, 0.0, -1.0, 0.01186, 0.0, 1.0, 0.0, 0.565658, 0.0, 0.0, 0.0, 1.0],
                [1.0, 0.0, -0.0, 0.00321, -0.0, 0.0, -1.0, 0.01186, 0.0, 1.0, 0.0, 0.566792, 0.0, 0.0, 0.0, 1.0],
                [1.0, 0.0, -0.0, 0.00321, -0.0, 0.0, -1.0, 0.01186, 0.0, 1.0, 0.0, 0.567974, 0.0, 0.0, 0.0, 1.0],
                [1.0, 0.0, -0.0, 0.00321, -0.0, 0.0, -1.0, 0.01186, 0.0, 1.0, 0.0, 0.569202, 0.0, 0.0, 0.0, 1.0],
                [1.0, 0.0, -0.0, 0.00321, -0.0, 0.0, -1.0, 0.01186, 0.0, 1.0, 0.0, 0.570474, 0.0, 0.0, 0.0, 1.0],
                [1.0, 0.0, -0.0, 0.00321, -0.0, 0.0, -1.0, 0.01186, 0.0, 1.0, 0.0, 0.571787, 0.0, 0.0, 0.0, 1.0],
                [1.0, 0.0, -0.0, 0.00321, -0.0, 0.0, -1.0, 0.01186, 0.0, 1.0, 0.0, 0.573138, 0.0, 0.0, 0.0, 1.0],
                [1.0, 0.0, -0.0, 0.00321, -0.0, 0.0, -1.0, 0.01186, 0.0, 1.0, 0.0, 0.574525, 0.0, 0.0, 0.0, 1.0],
                [1.0, 0.0, -0.0, 0.00321, -0.0, 0.0, -1.0, 0.01186, 0.0, 1.0, 0.0, 0.575945, 0.0, 0.0, 0.0, 1.0],
                [1.0, 0.0, -0.0, 0.00321, -0.0, 0.0, -1.0, 0.01186, 0.0, 1.0, 0.0, 0.577394, 0.0, 0.0, 0.0, 1.0],
                [1.0, 0.0, -0.0, 0.00321, -0.0, 0.0, -1.0, 0.01186, 0.0, 1.0, 0.0, 0.578869, 0.0, 0.0, 0.0, 1.0],
                [1.0, 0.0, -0.0, 0.00321, -0.0, 0.0, -1.0, 0.01186, 0.0, 1.0, 0.0, 0.580367, 0.0, 0.0, 0.0, 1.0],
                [1.0, 0.0, -0.0, 0.00321, -0.0, 0.0, -1.0, 0.01186, 0.0, 1.0, 0.0, 0.581883, 0.0, 0.0, 0.0, 1.0],
                [1.0, 0.0, -0.0, 0.00321, -0.0, 0.0, -1.0, 0.01186, 0.0, 1.0, 0.0, 0.583415, 0.0, 0.0, 0.0, 1.0],
                [1.0, 0.0, -0.0, 0.00321, -0.0, 0.0, -1.0, 0.01186, 0.0, 1.0, 0.0, 0.584959, 0.0, 0.0, 0.0, 1.0],
                [1.0, 0.0, -0.0, 0.00321, -0.0, 0.0, -1.0, 0.01186, 0.0, 1.0, 0.0, 0.58651, 0.0, 0.0, 0.0, 1.0],
                [1.0, 0.0, -0.0, 0.00321, -0.0, 0.0, -1.0, 0.01186, 0.0, 1.0, 0.0, 0.588065, 0.0, 0.0, 0.0, 1.0],
                [1.0, 0.0, -0.0, 0.00321, -0.0, 0.0, -1.0, 0.01186, 0.0, 1.0, 0.0, 0.589621, 0.0, 0.0, 0.0, 1.0],
                [1.0, 0.0, -0.0, 0.00321, -0.0, 0.0, -1.0, 0.01186, 0.0, 1.0, 0.0, 0.591172, 0.0, 0.0, 0.0, 1.0],
                [1.0, 0.0, -0.0, 0.00321, -0.0, 0.0, -1.0, 0.01186, 0.0, 1.0, 0.0, 0.592716, 0.0, 0.0, 0.0, 1.0],
                [1.0, 0.0, -0.0, 0.00321, -0.0, 0.0, -1.0, 0.01186, 0.0, 1.0, 0.0, 0.594248, 0.0, 0.0, 0.0, 1.0],
                [1.0, 0.0, -0.0, 0.00321, -0.0, 0.0, -1.0, 0.01186, 0.0, 1.0, 0.0, 0.595764, 0.0, 0.0, 0.0, 1.0],
                [1.0, 0.0, -0.0, 0.00321, -0.0, 0.0, -1.0, 0.01186, 0.0, 1.0, 0.0, 0.597262, 0.0, 0.0, 0.0, 1.0],
                [1.0, 0.0, -0.0, 0.00321, -0.0, 0.0, -1.0, 0.01186, 0.0, 1.0, 0.0, 0.598737, 0.0, 0.0, 0.0, 1.0],
                [1.0, 0.0, -0.0, 0.00321, -0.0, 0.0, -1.0, 0.01186, 0.0, 1.0, 0.0, 0.600186, 0.0, 0.0, 0.0, 1.0],
                [1.0, 0.0, -0.0, 0.00321, -0.0, 0.0, -1.0, 0.01186, 0.0, 1.0, 0.0, 0.601606, 0.0, 0.0, 0.0, 1.0],
                [1.0, 0.0, -0.0, 0.00321, -0.0, 0.0, -1.0, 0.01186, 0.0, 1.0, 0.0, 0.602993, 0.0, 0.0, 0.0, 1.0],
                [1.0, 0.0, -0.0, 0.00321, -0.0, 0.0, -1.0, 0.01186, 0.0, 1.0, 0.0, 0.604344, 0.0, 0.0, 0.0, 1.0],
                [1.0, 0.0, -0.0, 0.00321, -0.0, 0.0, -1.0, 0.01186, 0.0, 1.0, 0.0, 0.605657, 0.0, 0.0, 0.0, 1.0],
                [1.0, 0.0, -0.0, 0.00321, -0.0, 0.0, -1.0, 0.01186, 0.0, 1.0, 0.0, 0.606929, 0.0, 0.0, 0.0, 1.0],
                [1.0, 0.0, -0.0, 0.00321, -0.0, 0.0, -1.0, 0.01186, 0.0, 1.0, 0.0, 0.608157, 0.0, 0.0, 0.0, 1.0],
                [1.0, 0.0, -0.0, 0.00321, -0.0, 0.0, -1.0, 0.01186, 0.0, 1.0, 0.0, 0.609339, 0.0, 0.0, 0.0, 1.0],
                [1.0, 0.0, -0.0, 0.00321, -0.0, 0.0, -1.0, 0.01186, 0.0, 1.0, 0.0, 0.610473, 0.0, 0.0, 0.0, 1.0],
                [1.0, 0.0, -0.0, 0.00321, -0.0, 0.0, -1.0, 0.01186, 0.0, 1.0, 0.0, 0.611557, 0.0, 0.0, 0.0, 1.0],
                [1.0, 0.0, -0.0, 0.00321, -0.0, 0.0, -1.0, 0.01186, 0.0, 1.0, 0.0, 0.612589, 0.0, 0.0, 0.0, 1.0],
                [1.0, 0.0, -0.0, 0.00321, -0.0, 0.0, -1.0, 0.01186, 0.0, 1.0, 0.0, 0.613568, 0.0, 0.0, 0.0, 1.0],
                [1.0, 0.0, -0.0, 0.00321, -0.0, 0.0, -1.0, 0.01186, 0.0, 1.0, 0.0, 0.614492, 0.0, 0.0, 0.0, 1.0],
                [1.0, 0.0, -0.0, 0.00321, -0.0, 0.0, -1.0, 0.01186, 0.0, 1.0, 0.0, 0.615359, 0.0, 0.0, 0.0, 1.0],
                [1.0, 0.0, -0.0, 0.00321, -0.0, 0.0, -1.0, 0.01186, 0.0, 1.0, 0.0, 0.61617, 0.0, 0.0, 0.0, 1.0],
                [1.0, 0.0, -0.0, 0.00321, -0.0, 0.0, -1.0, 0.01186, 0.0, 1.0, 0.0, 0.616922, 0.0, 0.0, 0.0, 1.0],
                [1.0, 0.0, -0.0, 0.00321, -0.0, 0.0, -1.0, 0.01186, 0.0, 1.0, 0.0, 0.617615, 0.0, 0.0, 0.0, 1.0],
                [1.0, 0.0, -0.0, 0.00321, -0.0, 0.0, -1.0, 0.01186, 0.0, 1.0, 0.0, 0.618249, 0.0, 0.0, 0.0, 1.0],
                [1.0, 0.0, -0.0, 0.00321, -0.0, 0.0, -1.0, 0.01186, 0.0, 1.0, 0.0, 0.618823, 0.0, 0.0, 0.0, 1.0],
                [1.0, 0.0, -0.0, 0.00321, -0.0, 0.0, -1.0, 0.01186, 0.0, 1.0, 0.0, 0.619336, 0.0, 0.0, 0.0, 1.0],
                [1.0, 0.0, -0.0, 0.00321, -0.0, 0.0, -1.0, 0.01186, 0.0, 1.0, 0.0, 0.619789, 0.0, 0.0, 0.0, 1.0],
                [1.0, 0.0, -0.0, 0.00321, -0.0, 0.0, -1.0, 0.01186, 0.0, 1.0, 0.0, 0.620181, 0.0, 0.0, 0.0, 1.0],
                [1.0, 0.0, -0.0, 0.00321, -0.0, 0.0, -1.0, 0.01186, 0.0, 1.0, 0.0, 0.620512, 0.0, 0.0, 0.0, 1.0],
                [1.0, 0.0, -0.0, 0.00321, -0.0, 0.0, -1.0, 0.01186, 0.0, 1.0, 0.0, 0.620782, 0.0, 0.0, 0.0, 1.0],
                [1.0, 0.0, -0.0, 0.00321, -0.0, 0.0, -1.0, 0.01186, 0.0, 1.0, 0.0, 0.620992, 0.0, 0.0, 0.0, 1.0],
                [1.0, 0.0, -0.0, 0.00321, -0.0, 0.0, -1.0, 0.01186, 0.0, 1.0, 0.0, 0.621141, 0.0, 0.0, 0.0, 1.0],
                [1.0, 0.0, -0.0, 0.00321, -0.0, 0.0, -1.0, 0.01186, 0.0, 1.0, 0.0, 0.621231, 0.0, 0.0, 0.0, 1.0],
                [1.0, 0.0, -0.0, 0.00321, -0.0, 0.0, -1.0, 0.01186, 0.0, 1.0, 0.0, 0.621261, 0.0, 0.0, 0.0, 1.0]
            ]
        },
        {
            "name": "Thigh_R",
            "time": [0.0, 0.0167, 0.0333, 0.05, 0.0667, 0.0833, 0.1, 0.1167, 0.1333, 0.15, 0.1667, 0.1833, 0.2, 0.2167, 0.2333, 0.25, 0.2667, 0.2833, 0.3, 0.3167, 0.3333, 0.35, 0.3667, 0.3833, 0.4, 0.4167, 0.4333, 0.45, 0.4667, 0.4833, 0.5, 0.5167, 0.5333, 0.55, 0.5667, 0.5833, 0.6, 0.6167, 0.6333, 0.65, 0.6667, 0.6833, 0.7, 0.7167, 0.7333, 0.75, 0.7667, 0.7833, 0.8, 0.8167, 0.8333, 0.85, 0.8667, 0.8833, 0.9, 0.9167, 0.9333, 0.95, 0.9667, 0.9833, 1.0, 1.0167, 1.0333, 1.05, 1.0667, 1.0833, 1.1, 1.1167, 1.1333, 1.15, 1.1667, 1.1833, 1.2, 1.2167, 1.2333, 1.25, 1.2667, 1.2833, 1.3, 1.3167, 1.3333, 1.35, 1.3667, 1.3833, 1.4, 1.4167, 1.4333, 1.45, 1.4667, 1.4833, 1.5, 1.5167, 1.5333, 1.55, 1.5667, 1.5833, 1.6, 1.6167, 1.6333, 1.65, 1.6667, 1.6833, 1.7, 1.7167, 1.7333, 1.75, 1.7667, 1.7833, 1.8, 1.8167, 1.8333, 1.85, 1.8667],
            "transform": [
                [-0.382844, 0.603485, 0.699454, 0.032008, 0.050056, -0.742475, 0.668001, 0.024638, 0.922456, 0.290752, 0.254044, 0.139368, 0.0, 0.0, 0.0, 1.0],
                [-0.382852, 0.603692, 0.699272, 0.032008, 0.050065, -0.742272, 0.668226, 0.024673, 0.922452, 0.29084, 0.253957, 0.139368, 0.0, 0.0, 0.0, 1.0],
                [-0.382875, 0.604313, 0.698722, 0.032008, 0.050093, -0.741662, 0.668901, 0.024776, 0.922441, 0.291107, 0.253692, 0.139368, 0.0, 0.0, 0.0, 1.0],
                [-0.382914, 0.605348, 0.697805, 0.032008, 0.05014, -0.740643, 0.670025, 0.024948, 0.922422, 0.29155, 0.253251, 0.139368, 0.0, 0.0, 0.0, 1.0],
                [-0.382969, 0.606784, 0.696526, 0.032008, 0.050206, -0.739224, 0.671586, 0.02519, 0.922396, 0.292166, 0.252635, 0.139369, 0.0, 0.0, 0.0, 1.0],
                [-0.383038, 0.608609, 0.694894, 0.032008, 0.050289, -0.737412, 0.673569, 0.025503, 0.922363, 0.292948, 0.25185, 0.139369, 0.0, 0.0, 0.0, 1.0],
                [-0.383123, 0.610812, 0.692911, 0.032008, 0.05039, -0.735211, 0.675963, 0.025884, 0.922322, 0.293893, 0.250897, 0.13937, 0.0, 0.0, 0.0, 1.0],
                [-0.383222, 0.613373, 0.69059, 0.032008, 0.050508, -0.732635, 0.678745, 0.026335, 0.922274, 0.29499, 0.249782, 0.13937, 0.0, 0.0, 0.0, 1.0],
                [-0.383335, 0.61627, 0.687944, 0.032008, 0.050641, -0.729698, 0.681892, 0.026854, 0.92222, 0.296231, 0.24851, 0.139371, 0.0, 0.0, 0.0, 1.0],
                [-0.383464, 0.619547, 0.684921, 0.032008, 0.050792, -0.726344, 0.685453, 0.027439, 0.922158, 0.297635, 0.247059, 0.139372, 0.0, 0.0, 0.0, 1.0],
                [-0.383604, 0.623042, 0.681665, 0.032008, 0.050953, -0.72273, 0.68925, 0.028089, 0.922091, 0.299132, 0.245496, 0.139373, 0.0, 0.0, 0.0, 1.0],
                [-0.383756, 0.626784, 0.67814, 0.032008, 0.051127, -0.718818, 0.693316, 0.0288, 0.922018, 0.300735, 0.243805, 0.139374, 0.0, 0.0, 0.0, 1.0],
                [-0.383918, 0.630741, 0.674368, 0.032008, 0.051311, -0.714634, 0.697614, 0.029571, 0.92194, 0.30243, 0.241997, 0.139375, 0.0, 0.0, 0.0, 1.0],
                [-0.38409, 0.634856, 0.670398, 0.032008, 0.051504, -0.710229, 0.702084, 0.030397, 0.921858, 0.304192, 0.240094, 0.139376, 0.0, 0.0, 0.0, 1.0],
                [-0.38427, 0.639118, 0.666232, 0.032007, 0.051705, -0.705608, 0.706714, 0.031274, 0.921772, 0.306016, 0.238099, 0.139378, 0.0, 0.0, 0.0, 1.0],
                [-0.384461, 0.643565, 0.661827, 0.032007, 0.051914, -0.700721, 0.711544, 0.032197, 0.92168, 0.307919, 0.23599, 0.139379, 0.0, 0.0, 0.0, 1.0],
                [-0.384656, 0.648032, 0.657339, 0.032007, 0.052126, -0.695744, 0.716396, 0.033161, 0.921587, 0.30983, 0.233843, 0.13938, 0.0, 0.0, 0.0, 1.0],
                [-0.384856, 0.652542, 0.652744, 0.032007, 0.052341, -0.690648, 0.721295, 0.03416, 0.921491, 0.31176, 0.231646, 0.139382, 0.0, 0.0, 0.0, 1.0],
                [-0.38506, 0.657062, 0.648073, 0.032007, 0.052557, -0.685467, 0.726204, 0.035188, 0.921394, 0.313693, 0.229413, 0.139383, 0.0, 0.0, 0.0, 1.0],
                [-0.385266, 0.661548, 0.64337, 0.032007, 0.052773, -0.680253, 0.731076, 0.036237, 0.921295, 0.315611, 0.227166, 0.139385, 0.0, 0.0, 0.0, 1.0],
                [-0.385473, 0.665974, 0.638662, 0.032007, 0.052987, -0.675033, 0.735882, 0.037302, 0.921197, 0.317504, 0.224919, 0.139386, 0.0, 0.0, 0.0, 1.0],
                [-0.385682, 0.670395, 0.633893, 0.032007, 0.053202, -0.669745, 0.740683, 0.038373, 0.921097, 0.319392, 0.222642, 0.139388, 0.0, 0.0, 0.0, 1.0],
                [-0.385887, 0.674661, 0.629225, 0.032007, 0.05341, -0.664571, 0.745314, 0.039445, 0.920998, 0.321214, 0.220416, 0.13939, 0.0, 0.0, 0.0, 1.0],
                [-0.38609, 0.678799, 0.624633, 0.032007, 0.053614, -0.65948, 0.749808, 0.040509, 0.920902, 0.322982, 0.218226, 0.139391, 0.0, 0.0, 0.0, 1.0],
                [-0.386289, 0.682791, 0.620143, 0.032007, 0.053811, -0.654504, 0.754142, 0.041559, 0.920807, 0.324687, 0.216086, 0.139393, 0.0, 0.0, 0.0, 1.0],
                [-0.386482, 0.686618, 0.615783, 0.032007, 0.054, -0.64967, 0.758296, 0.042586, 0.920715, 0.32632, 0.214008, 0.139394, 0.0, 0.0, 0.0, 1.0],
                [-0.386668, 0.690263, 0.611575, 0.032007, 0.054182, -0.645007, 0.762254, 0.043586, 0.920626, 0.327876, 0.212004, 0.139396, 0.0, 0.0, 0.0, 1.0],
                [-0.386847, 0.693699, 0.607562, 0.032007, 0.054354, -0.640559, 0.765983, 0.04455, 0.920541, 0.329341, 0.210093, 0.139397, 0.0, 0.0, 0.0, 1.0],
                [-0.387017, 0.696928, 0.603746, 0.032007, 0.054517, -0.63633, 0.769488, 0.045473, 0.92046, 0.330719, 0.208276, 0.139399, 0.0, 0.0, 0.0, 1.0],
                [-0.38718, 0.700009, 0.600066, 0.032007, 0.054672, -0.632252, 0.772832, 0.04635, 0.920382, 0.332032, 0.206525, 0.1394, 0.0, 0.0, 0.0, 1.0],
                [-0.387332, 0.702818, 0.596675, 0.032007, 0.054814, -0.628494, 0.775881, 0.047176, 0.920309, 0.333229, 0.204911, 0.139401, 0.0, 0.0, 0.0, 1.0],
                [-0.387472, 0.705402, 0.593527, 0.032007, 0.054946, -0.625005, 0.778684, 0.047946, 0.920242, 0.33433, 0.203414, 0.139402, 0.0, 0.0, 0.0, 1.0],
                [-0.387602, 0.707756, 0.590632, 0.032007, 0.055066, -0.621798, 0.78124, 0.048658, 0.920181, 0.335333, 0.202037, 0.139403, 0.0, 0.0, 0.0, 1.0],
                [-0.387719, 0.70988, 0.588, 0.032007, 0.055175, -0.618881, 0.783545, 0.049308, 0.920125, 0.336238, 0.200785, 0.139404, 0.0, 0.0, 0.0, 1.0],
                [-0.387825, 0.711773, 0.585637, 0.032006, 0.055272, -0.616263, 0.785599, 0.049893, 0.920074, 0.337044, 0.199662, 0.139405, 0.0, 0.0, 0.0, 1.0],
                [-0.387919, 0.713435, 0.583549, 0.032006, 0.055357, -0.613949, 0.787402, 0.050411, 0.92003, 0.337752, 0.198669, 0.139406, 0.0, 0.0, 0.0, 1.0],
                [-0.388, 0.714868, 0.581739, 0.032006, 0.055431, -0.611944, 0.788957, 0.050862, 0.919991, 0.338362, 0.197808, 0.139406, 0.0, 0.0, 0.0, 1.0],
                [-0.388069, 0.716073, 0.580209, 0.032006, 0.055494, -0.610249, 0.790264, 0.051244, 0.919958, 0.338875, 0.197081, 0.139407, 0.0, 0.0, 0.0, 1.0],
                [-0.388125, 0.717052, 0.578961, 0.032006, 0.055544, -0.608866, 0.791326, 0.051556, 0.919931, 0.339291, 0.196488, 0.139408, 0.0, 0.0, 0.0, 1.0],
                [-0.388168, 0.717809, 0.577993, 0.032006, 0.055584, -0.607794, 0.792148, 0.051798, 0.919911, 0.339614, 0.196028, 0.139408, 0.0, 0.0, 0.0, 1.0],
                [-0.388199, 0.718346, 0.577305, 0.032006, 0.055612, -0.607031, 0.79273, 0.051971, 0.919896, 0.339842, 0.195701, 0.139408, 0.0, 0.0, 0.0, 1.0],
                [-0.388218, 0.718666, 0.576894, 0.032006, 0.055628, -0.606576, 0.793077, 0.052074, 0.919887, 0.339978, 0.195506, 0.139408, 0.0, 0.0, 0.0, 1.0],
                [-0.388224, 0.718772, 0.576757, 0.032006, 0.055634, -0.606425, 0.793193, 0.052108, 0.919884, 0.340023, 0.195441, 0.139408, 0.0, 0.0, 0.0, 1.0],
                [-0.388222, 0.718734, 0.576807, 0.032006, 0.055632, -0.606479, 0.793151, 0.052096, 0.919885, 0.340007, 0.195464, 0.139408, 0.0, 0.0, 0.0, 1.0],
                [-0.388215, 0.718619, 0.576954, 0.032006, 0.055626, -0.606642, 0.793027, 0.052059, 0.919889, 0.339958, 0.195534, 0.139408, 0.0, 0.0, 0.0, 1.0],
                [-0.388204, 0.718427, 0.577201, 0.032006, 0.055616, -0.606915, 0.792818, 0.051997, 0.919894, 0.339877, 0.195651, 0.139408, 0.0, 0.0, 0.0, 1.0],
                [-0.388188, 0.718157, 0.577547, 0.032006, 0.055602, -0.607299, 0.792525, 0.05191, 0.919901, 0.339762, 0.195816, 0.139408, 0.0, 0.0, 0.0, 1.0],
                [-0.388168, 0.717809, 0.577993, 0.032006, 0.055584, -0.607794, 0.792148, 0.051798, 0.919911, 0.339614, 0.196028, 0.139408, 0.0, 0.0, 0.0, 1.0],
                [-0.388144, 0.717381, 0.57854, 0.032006, 0.055561, -0.6084, 0.791684, 0.051661, 0.919922, 0.339432, 0.196288, 0.139408, 0.0, 0.0, 0.0, 1.0],
                [-0.388115, 0.716874, 0.579188, 0.032006, 0.055535, -0.609117, 0.791133, 0.051499, 0.919936, 0.339216, 0.196596, 0.139407, 0.0, 0.0, 0.0, 1.0],
                [-0.388081, 0.716286, 0.579937, 0.032006, 0.055505, -0.609947, 0.790496, 0.051312, 0.919952, 0.338966, 0.196952, 0.139407, 0.0, 0.0, 0.0, 1.0],
                [-0.388043, 0.715618, 0.580787, 0.032006, 0.05547, -0.61089, 0.78977, 0.0511, 0.91997, 0.338681, 0.197356, 0.139407, 0.0, 0.0, 0.0, 1.0],
                [-0.388, 0.714868, 0.581739, 0.032006, 0.055431, -0.611944, 0.788957, 0.050862, 0.919991, 0.338362, 0.197808, 0.139406, 0.0, 0.0, 0.0, 1.0],
                [-0.387953, 0.714036, 0.582791, 0.032006, 0.055388, -0.61311, 0.788054, 0.0506, 0.920013, 0.338008, 0.198309, 0.139406, 0.0, 0.0, 0.0, 1.0],
                [-0.387901, 0.713121, 0.583944, 0.032006, 0.055341, -0.614387, 0.787061, 0.050313, 0.920038, 0.337618, 0.198857, 0.139406, 0.0, 0.0, 0.0, 1.0],
                [-0.387845, 0.712124, 0.585197, 0.032006, 0.05529, -0.615776, 0.785979, 0.050002, 0.920065, 0.337194, 0.199453, 0.139405, 0.0, 0.0, 0.0, 1.0],
                [-0.387785, 0.711044, 0.586549, 0.032006, 0.055234, -0.617274, 0.784807, 0.049666, 0.920094, 0.336734, 0.200095, 0.139405, 0.0, 0.0, 0.0, 1.0],
                [-0.387719, 0.70988, 0.588, 0.032007, 0.055175, -0.618881, 0.783545, 0.049308, 0.920125, 0.336238, 0.200785, 0.139404, 0.0, 0.0, 0.0, 1.0],
                [-0.38765, 0.708634, 0.589547, 0.032007, 0.055111, -0.620596, 0.782192, 0.048925, 0.920158, 0.335707, 0.201521, 0.139404, 0.0, 0.0, 0.0, 1.0],
                [-0.387577, 0.707304, 0.59119, 0.032007, 0.055043, -0.622416, 0.780749, 0.04852, 0.920193, 0.335141, 0.202302, 0.139403, 0.0, 0.0, 0.0, 1.0],
                [-0.387499, 0.705891, 0.592927, 0.032007, 0.054971, -0.624341, 0.779215, 0.048093, 0.92023, 0.334539, 0.203129, 0.139402, 0.0, 0.0, 0.0, 1.0],
                [-0.387417, 0.704395, 0.594756, 0.032007, 0.054894, -0.626368, 0.777592, 0.047645, 0.920269, 0.333901, 0.203999, 0.139402, 0.0, 0.0, 0.0, 1.0],
                [-0.387332, 0.702818, 0.596675, 0.032007, 0.054814, -0.628494, 0.775881, 0.047176, 0.920309, 0.333229, 0.204911, 0.139401, 0.0, 0.0, 0.0, 1.0],
                [-0.387242, 0.70116, 0.598681, 0.032007, 0.05473, -0.630717, 0.774081, 0.046686, 0.920352, 0.332522, 0.205866, 0.1394, 0.0, 0.0, 0.0, 1.0],
                [-0.387149, 0.699421, 0.600772, 0.032007, 0.054642, -0.633034, 0.772193, 0.046178, 0.920397, 0.331781, 0.206861, 0.1394, 0.0, 0.0, 0.0, 1.0],
                [-0.38705, 0.697549, 0.603008, 0.032007, 0.054548, -0.635512, 0.770162, 0.045652, 0.920444, 0.330984, 0.207925, 0.139399, 0.0, 0.0, 0.0, 1.0],
                [-0.38695, 0.695661, 0.605248, 0.032007, 0.054453, -0.637995, 0.768113, 0.045109, 0.920492, 0.330179, 0.208991, 0.139398, 0.0, 0.0, 0.0, 1.0],
                [-0.386847, 0.693699, 0.607562, 0.032007, 0.054354, -0.640559, 0.765983, 0.04455, 0.920541, 0.329341, 0.210093, 0.139397, 0.0, 0.0, 0.0, 1.0],
                [-0.386741, 0.691663, 0.609946, 0.032007, 0.054252, -0.643201, 0.763773, 0.043976, 0.920591, 0.328473, 0.211228, 0.139396, 0.0, 0.0, 0.0, 1.0],
                [-0.386632, 0.689549, 0.612404, 0.032007, 0.054146, -0.645925, 0.761479, 0.043388, 0.920643, 0.327571, 0.212398, 0.139395, 0.0, 0.0, 0.0, 1.0],
                [-0.38652, 0.687362, 0.614928, 0.032007, 0.054037, -0.648723, 0.759104, 0.042789, 0.920697, 0.326638, 0.213601, 0.139395, 0.0, 0.0, 0.0, 1.0],
                [-0.386405, 0.685108, 0.61751, 0.032007, 0.053925, -0.651585, 0.756657, 0.042178, 0.920751, 0.325676, 0.214831, 0.139394, 0.0, 0.0, 0.0, 1.0],
                [-0.386289, 0.682791, 0.620143, 0.032007, 0.053811, -0.654504, 0.754142, 0.041559, 0.920807, 0.324687, 0.216086, 0.139393, 0.0, 0.0, 0.0, 1.0],
                [-0.38617, 0.680415, 0.622823, 0.032007, 0.053693, -0.657474, 0.751562, 0.040931, 0.920864, 0.323672, 0.217363, 0.139392, 0.0, 0.0, 0.0, 1.0],
                [-0.38605, 0.677983, 0.625544, 0.032007, 0.053573, -0.66049, 0.748921, 0.040297, 0.920921, 0.322633, 0.21866, 0.139391, 0.0, 0.0, 0.0, 1.0],
                [-0.385928, 0.675499, 0.6283, 0.032007, 0.053451, -0.663545, 0.746225, 0.039659, 0.920979, 0.321573, 0.219974, 0.13939, 0.0, 0.0, 0.0, 1.0],
                [-0.385806, 0.672968, 0.631085, 0.032007, 0.053328, -0.666632, 0.743477, 0.039017, 0.921038, 0.320492, 0.221303, 0.139389, 0.0, 0.0, 0.0, 1.0],
                [-0.385682, 0.670396, 0.633892, 0.032007, 0.053202, -0.669745, 0.740683, 0.038373, 0.921097, 0.319392, 0.222642, 0.139388, 0.0, 0.0, 0.0, 1.0],
                [-0.385555, 0.667725, 0.636781, 0.032007, 0.053073, -0.672947, 0.737784, 0.03773, 0.921157, 0.318252, 0.224021, 0.139387, 0.0, 0.0, 0.0, 1.0],
                [-0.385431, 0.665094, 0.639604, 0.032007, 0.052945, -0.676077, 0.734927, 0.037088, 0.921216, 0.317127, 0.225368, 0.139386, 0.0, 0.0, 0.0, 1.0],
                [-0.385307, 0.662438, 0.642429, 0.032007, 0.052816, -0.679209, 0.732042, 0.036449, 0.921275, 0.315992, 0.226717, 0.139385, 0.0, 0.0, 0.0, 1.0],
                [-0.385184, 0.659762, 0.64525, 0.032007, 0.052687, -0.682338, 0.729136, 0.035815, 0.921335, 0.314848, 0.228065, 0.139384, 0.0, 0.0, 0.0, 1.0],
                [-0.38506, 0.657062, 0.648073, 0.032007, 0.052557, -0.685467, 0.726204, 0.035188, 0.921394, 0.313693, 0.229413, 0.139383, 0.0, 0.0, 0.0, 1.0],
                [-0.384937, 0.654351, 0.650883, 0.032007, 0.052427, -0.688584, 0.723259, 0.034568, 0.921452, 0.312533, 0.230756, 0.139382, 0.0, 0.0, 0.0, 1.0],
                [-0.384816, 0.651638, 0.65367, 0.032007, 0.052298, -0.691675, 0.720313, 0.033958, 0.921511, 0.311373, 0.232089, 0.139382, 0.0, 0.0, 0.0, 1.0],
                [-0.384696, 0.648932, 0.656428, 0.032007, 0.052169, -0.694733, 0.717373, 0.033358, 0.921568, 0.310215, 0.233407, 0.139381, 0.0, 0.0, 0.0, 1.0],
                [-0.384577, 0.646238, 0.659149, 0.032007, 0.052041, -0.697751, 0.714448, 0.032771, 0.921625, 0.309063, 0.234709, 0.13938, 0.0, 0.0, 0.0, 1.0],
                [-0.384461, 0.643565, 0.661827, 0.032007, 0.051914, -0.700721, 0.711544, 0.032197, 0.92168, 0.307919, 0.23599, 0.139379, 0.0, 0.0, 0.0, 1.0],
                [-0.384345, 0.640856, 0.664517, 0.032007, 0.051787, -0.703706, 0.708602, 0.031638, 0.921736, 0.30676, 0.237278, 0.139378, 0.0, 0.0, 0.0, 1.0],
                [-0.384234, 0.638256, 0.667079, 0.032007, 0.051664, -0.706548, 0.705777, 0.031094, 0.921789, 0.305647, 0.238505, 0.139377, 0.0, 0.0, 0.0, 1.0],
                [-0.384125, 0.635698, 0.669579, 0.032008, 0.051544, -0.709321, 0.702999, 0.030568, 0.921841, 0.304552, 0.239702, 0.139377, 0.0, 0.0, 0.0, 1.0],
                [-0.38402, 0.633191, 0.67201, 0.032008, 0.051426, -0.712018, 0.700276, 0.03006, 0.921892, 0.303479, 0.240867, 0.139376, 0.0, 0.0, 0.0, 1.0],
                [-0.383918, 0.630741, 0.674368, 0.032008, 0.051311, -0.714634, 0.697614, 0.029571, 0.92194, 0.30243, 0.241997, 0.139375, 0.0, 0.0, 0.0, 1.0],
                [-0.383819, 0.628343, 0.676659, 0.032008, 0.0512, -0.717176, 0.695009, 0.029102, 0.921988, 0.301403, 0.243095, 0.139374, 0.0, 0.0, 0.0, 1.0],
                [-0.383725, 0.626018, 0.678865, 0.032008, 0.051091, -0.719623, 0.692483, 0.028653, 0.922033, 0.300407, 0.244153, 0.139374, 0.0, 0.0, 0.0, 1.0],
                [-0.383634, 0.623772, 0.680981, 0.032008, 0.050987, -0.721971, 0.690043, 0.028226, 0.922077, 0.299445, 0.245168, 0.139373, 0.0, 0.0, 0.0, 1.0],
                [-0.383547, 0.621612, 0.683001, 0.032008, 0.050887, -0.724213, 0.687697, 0.027821, 0.922118, 0.29852, 0.246137, 0.139372, 0.0, 0.0, 0.0, 1.0],
                [-0.383464, 0.619547, 0.684921, 0.032008, 0.050792, -0.726344, 0.685453, 0.027439, 0.922158, 0.297635, 0.247059, 0.139372, 0.0, 0.0, 0.0, 1.0],
                [-0.383384, 0.617516, 0.686797, 0.032008, 0.050698, -0.728425, 0.683247, 0.02708, 0.922196, 0.296766, 0.24796, 0.139371, 0.0, 0.0, 0.0, 1.0],
                [-0.383312, 0.615665, 0.688498, 0.032008, 0.050613, -0.730313, 0.681235, 0.026745, 0.922231, 0.295972, 0.248777, 0.139371, 0.0, 0.0, 0.0, 1.0],
                [-0.383244, 0.613927, 0.690086, 0.032008, 0.050533, -0.732076, 0.679346, 0.026434, 0.922264, 0.295227, 0.24954, 0.13937, 0.0, 0.0, 0.0, 1.0],
                [-0.383181, 0.612307, 0.691558, 0.032008, 0.050459, -0.73371, 0.677587, 0.026147, 0.922294, 0.294533, 0.250247, 0.13937, 0.0, 0.0, 0.0, 1.0],
                [-0.383123, 0.610812, 0.692911, 0.032008, 0.05039, -0.735211, 0.675963, 0.025884, 0.922322, 0.293893, 0.250897, 0.13937, 0.0, 0.0, 0.0, 1.0],
                [-0.38307, 0.609446, 0.694142, 0.032008, 0.050328, -0.736577, 0.674478, 0.025647, 0.922347, 0.293307, 0.251489, 0.139369, 0.0, 0.0, 0.0, 1.0],
                [-0.383023, 0.608213, 0.695248, 0.032008, 0.050271, -0.737806, 0.673139, 0.025435, 0.92237, 0.292779, 0.252021, 0.139369, 0.0, 0.0, 0.0, 1.0],
                [-0.382981, 0.607118, 0.696228, 0.032008, 0.050221, -0.738893, 0.671949, 0.025247, 0.92239, 0.292309, 0.252492, 0.139369, 0.0, 0.0, 0.0, 1.0],
                [-0.382945, 0.606164, 0.697079, 0.032008, 0.050178, -0.739838, 0.670911, 0.025085, 0.922407, 0.2919, 0.252902, 0.139368, 0.0, 0.0, 0.0, 1.0],
                [-0.382914, 0.605348, 0.697805, 0.032008, 0.05014, -0.740643, 0.670025, 0.024948, 0.922422, 0.29155, 0.253251, 0.139368, 0.0, 0.0, 0.0, 1.0],
                [-0.382889, 0.604677, 0.698399, 0.032008, 0.05011, -0.741304, 0.669297, 0.024836, 0.922434, 0.291263, 0.253537, 0.139368, 0.0, 0.0, 0.0, 1.0],
                [-0.382869, 0.604156, 0.698862, 0.032008, 0.050086, -0.741817, 0.66873, 0.024749, 0.922444, 0.291039, 0.253759, 0.139368, 0.0, 0.0, 0.0, 1.0],
                [-0.382855, 0.603783, 0.699191, 0.032008, 0.050069, -0.742183, 0.668325, 0.024688, 0.922451, 0.29088, 0.253918, 0.139368, 0.0, 0.0, 0.0, 1.0],
                [-0.382847, 0.603559, 0.699389, 0.032008, 0.050059, -0.742402, 0.668082, 0.024651, 0.922455, 0.290784, 0.254013, 0.139368, 0.0, 0.0, 0.0, 1.0],
                [-0.382844, 0.603485, 0.699454, 0.032008, 0.050056, -0.742475, 0.668001, 0.024638, 0.922456, 0.290752, 0.254044, 0.139368, 0.0, 0.0, 0.0, 1.0]
            ]
        },
        {
            "name": "Leg_R",
            "time": [0.0, 0.0167, 0.0333, 0.05, 0.0667, 0.0833, 0.1, 0.1167, 0.1333, 0.15, 0.1667, 0.1833, 0.2, 0.2167, 0.2333, 0.25, 0.2667, 0.2833, 0.3, 0.3167, 0.3333, 0.35, 0.3667, 0.3833, 0.4, 0.4167, 0.4333, 0.45, 0.4667, 0.4833, 0.5, 0.5167, 0.5333, 0.55, 0.5667, 0.5833, 0.6, 0.6167, 0.6333, 0.65, 0.6667, 0.6833, 0.7, 0.7167, 0.7333, 0.75, 0.7667, 0.7833, 0.8, 0.8167, 0.8333, 0.85, 0.8667, 0.8833, 0.9, 0.9167, 0.9333, 0.95, 0.9667, 0.9833, 1.0, 1.0167, 1.0333, 1.05, 1.0667, 1.0833, 1.1, 1.1167, 1.1333, 1.15, 1.1667, 1.1833, 1.2, 1.2167, 1.2333, 1.25, 1.2667, 1.2833, 1.3, 1.3167, 1.3333, 1.35, 1.3667, 1.3833, 1.4, 1.4167, 1.4333, 1.45, 1.4667, 1.4833, 1.5, 1.5167, 1.5333, 1.55, 1.5667, 1.5833, 1.6, 1.6167, 1.6333, 1.65, 1.6667, 1.6833, 1.7, 1.7167, 1.7333, 1.75, 1.7667, 1.7833, 1.8, 1.8167, 1.8333, 1.85, 1.8667],
            "transform": [
                [0.999885, -0.014809, -0.003248, -0.0, 0.014855, 0.914222, 0.404939, 0.374721, -0.003028, -0.404941, 0.914338, -0.0, 0.0, 0.0, 0.0, 1.0],
                [0.999885, -0.014827, -0.003256, 0.0, 0.014873, 0.914004, 0.405432, 0.374721, -0.003036, -0.405433, 0.91412, -0.0, 0.0, 0.0, 0.0, 1.0],
                [0.999884, -0.014881, -0.00328, 0.0, 0.014928, 0.913345, 0.406912, 0.374721, -0.00306, -0.406914, 0.913461, 0.0, 0.0, 0.0, 0.0, 1.0],
                [0.999882, -0.014971, -0.00332, -0.0, 0.015018, 0.912242, 0.409376, 0.374721, -0.0031, -0.409377, 0.91236, 0.0, 0.0, 0.0, 0.0, 1.0],
                [0.99988, -0.015096, -0.003376, -0.0, 0.015144, 0.910698, 0.412794, 0.374721, -0.003157, -0.412795, 0.910818, 0.0, 0.0, 0.0, 0.0, 1.0],
                [0.999878, -0.015255, -0.003449, -0.0, 0.015303, 0.908718, 0.417129, 0.374721, -0.003229, -0.417131, 0.90884, -0.0, 0.0, 0.0, 0.0, 1.0],
                [0.999874, -0.015446, -0.003537, 0.0, 0.015494, 0.906296, 0.422357, 0.374721, -0.003318, -0.422359, 0.906422, 0.0, 0.0, 0.0, 0.0, 1.0],
                [0.99987, -0.015668, -0.003642, -0.0, 0.015717, 0.90344, 0.428426, 0.374721, -0.003423, -0.428427, 0.90357, 0.0, 0.0, 0.0, 0.0, 1.0],
                [0.999866, -0.015918, -0.003762, 0.0, 0.015968, 0.900154, 0.435278, 0.374721, -0.003543, -0.435279, 0.900288, 0.0, 0.0, 0.0, 0.0, 1.0],
                [0.999861, -0.016202, -0.0039, -0.0, 0.016253, 0.896356, 0.443036, 0.374721, -0.003682, -0.443038, 0.896495, -0.0, 0.0, 0.0, 0.0, 1.0],
                [0.999856, -0.016503, -0.004051, 0.0, 0.016555, 0.892232, 0.451273, 0.374721, -0.003833, -0.451275, 0.892376, -0.0, 0.0, 0.0, 0.0, 1.0],
                [0.999849, -0.016825, -0.004216, 0.0, 0.016878, 0.88772, 0.460073, 0.374721, -0.003998, -0.460074, 0.887871, -0.0, 0.0, 0.0, 0.0, 1.0],
                [0.999843, -0.017164, -0.004394, 0.0, 0.017218, 0.882843, 0.469352, 0.374721, -0.004177, -0.469354, 0.883, -0.0, 0.0, 0.0, 0.0, 1.0],
                [0.999836, -0.017516, -0.004583, 0.0, 0.017571, 0.877657, 0.478967, 0.374721, -0.004367, -0.478969, 0.877821, -0.0, 0.0, 0.0, 0.0, 1.0],
                [0.999829, -0.017879, -0.004784, -0.0, 0.017935, 0.872158, 0.488895, 0.374721, -0.004569, -0.488898, 0.872329, -0.0, 0.0, 0.0, 0.0, 1.0],
                [0.999821, -0.018258, -0.004999, 0.0, 0.018315, 0.866267, 0.499245, 0.374721, -0.004784, -0.499247, 0.866446, 0.0, 0.0, 0.0, 0.0, 1.0],
                [0.999813, -0.018636, -0.00522, 0.0, 0.018694, 0.860215, 0.509589, 0.374721, -0.005006, -0.50959, 0.860402, 0.0, 0.0, 0.0, 0.0, 1.0],
                [0.999804, -0.019016, -0.005449, -0.0, 0.019076, 0.853956, 0.519995, 0.374721, -0.005235, -0.519997, 0.854152, -0.0, 0.0, 0.0, 0.0, 1.0],
                [0.999796, -0.019396, -0.005683, -0.0, 0.019457, 0.847532, 0.530387, 0.374721, -0.005471, -0.530389, 0.847736, -0.0, 0.0, 0.0, 0.0, 1.0],
                [0.999787, -0.019772, -0.005922, 0.0, 0.019834, 0.84101, 0.540655, 0.374721, -0.00571, -0.540657, 0.841223, -0.0, 0.0, 0.0, 0.0, 1.0],
                [0.999778, -0.020141, -0.006162, -0.0, 0.020204, 0.834428, 0.550745, 0.374721, -0.005951, -0.550747, 0.834651, 0.0, 0.0, 0.0, 0.0, 1.0],
                [0.999769, -0.020509, -0.006408, -0.0, 0.020574, 0.827689, 0.56081, 0.374721, -0.006198, -0.560812, 0.82792, -0.0, 0.0, 0.0, 0.0, 1.0],
                [0.99976, -0.020862, -0.00665, 0.0, 0.020928, 0.821057, 0.570462, 0.374721, -0.006441, -0.570465, 0.821297, 0.0, 0.0, 0.0, 0.0, 1.0],
                [0.999751, -0.021203, -0.00689, 0.0, 0.02127, 0.814486, 0.579793, 0.374721, -0.006681, -0.579795, 0.814735, -0.0, 0.0, 0.0, 0.0, 1.0],
                [0.999743, -0.021531, -0.007126, 0.0, 0.021599, 0.808022, 0.588756, 0.374721, -0.006918, -0.588758, 0.808279, -0.0, 0.0, 0.0, 0.0, 1.0],
                [0.999734, -0.021844, -0.007357, 0.0, 0.021913, 0.801706, 0.597316, 0.374721, -0.00715, -0.597318, 0.801972, -0.0, 0.0, 0.0, 0.0, 1.0],
                [0.999726, -0.022141, -0.007581, 0.0, 0.022211, 0.795581, 0.60544, 0.374721, -0.007374, -0.605442, 0.795855, -0.0, 0.0, 0.0, 0.0, 1.0],
                [0.999718, -0.02242, -0.007795, -0.0, 0.02249, 0.789715, 0.613061, 0.374721, -0.007589, -0.613064, 0.789997, -0.0, 0.0, 0.0, 0.0, 1.0],
                [0.999711, -0.022681, -0.008, -0.0, 0.022752, 0.784113, 0.6202, 0.374721, -0.007794, -0.620202, 0.784403, -0.0, 0.0, 0.0, 0.0, 1.0],
                [0.999703, -0.02293, -0.008198, -0.0, 0.023002, 0.77867, 0.627011, 0.37472, -0.007994, -0.627014, 0.778967, 0.0, 0.0, 0.0, 0.0, 1.0],
                [0.999697, -0.023156, -0.008382, -0.0, 0.023229, 0.773652, 0.633184, 0.374721, -0.008177, -0.633186, 0.773956, 0.0, 0.0, 0.0, 0.0, 1.0],
                [0.999691, -0.023363, -0.008552, -0.0, 0.023436, 0.768979, 0.638844, 0.374721, -0.008349, -0.638847, 0.769289, 0.0, 0.0, 0.0, 0.0, 1.0],
                [0.999685, -0.023551, -0.00871, -0.0, 0.023625, 0.76467, 0.643988, 0.374721, -0.008507, -0.643991, 0.764985, -0.0, 0.0, 0.0, 0.0, 1.0],
                [0.99968, -0.02372, -0.008853, -0.0, 0.023795, 0.760743, 0.648617, 0.374721, -0.00865, -0.648619, 0.761064, 0.0, 0.0, 0.0, 0.0, 1.0],
                [0.999675, -0.023871, -0.008982, -0.0, 0.023946, 0.757211, 0.652731, 0.374721, -0.00878, -0.652734, 0.757536, -0.0, 0.0, 0.0, 0.0, 1.0],
                [0.999671, -0.024002, -0.009096, -0.0, 0.024078, 0.754083, 0.656337, 0.374721, -0.008894, -0.65634, 0.754413, 0.0, 0.0, 0.0, 0.0, 1.0],
                [0.999667, -0.024116, -0.009195, -0.0, 0.024192, 0.751368, 0.659439, 0.374721, -0.008994, -0.659441, 0.751702, 0.0, 0.0, 0.0, 0.0, 1.0],
                [0.999664, -0.024211, -0.009279, 0.0, 0.024287, 0.749072, 0.662043, 0.374721, -0.009078, -0.662046, 0.749408, 0.0, 0.0, 0.0, 0.0, 1.0],
                [0.999661, -0.024289, -0.009348, -0.0, 0.024365, 0.747195, 0.664158, 0.37472, -0.009147, -0.66416, 0.747534, -0.0, 0.0, 0.0, 0.0, 1.0],
                [0.999659, -0.024348, -0.009401, -0.0, 0.024425, 0.745739, 0.66579, 0.374721, -0.0092, -0.665792, 0.74608, -0.0, 0.0, 0.0, 0.0, 1.0],
                [0.999658, -0.024391, -0.009439, 0.0, 0.024467, 0.744703, 0.666947, 0.374721, -0.009238, -0.66695, 0.745045, -0.0, 0.0, 0.0, 0.0, 1.0],
                [0.999657, -0.024416, -0.009461, -0.0, 0.024493, 0.744084, 0.667636, 0.374721, -0.009261, -0.667639, 0.744427, -0.0, 0.0, 0.0, 0.0, 1.0],
