{
    "animation": [
        {
            "name": "Root",
            "time": [0.0, 0.0167, 0.0333, 0.05, 0.0667, 0.0833, 0.1, 0.1167, 0.1333, 0.15, 0.1667, 0.1833, 0.2, 0.2167, 0.2333, 0.25, 0.2667, 0.2833, 0.3, 1.3667],
            "transform": [
                [1.0, 0.0, -0.0, -0.035773, -0.0, 0.0, -1.0, -0.106392, 0.0, 1.0, 0.0, 0.50009, 0.0, 0.0, 0.0, 1.0],
                [1.0, 0.0, -0.0, -0.035773, -0.0, 0.0, -1.0, -0.097571, 0.0, 1.0, 0.0, 0.496857, 0.0, 0.0, 0.0, 1.0],
                [1.0, 0.0, -0.0, -0.035773, -0.0, 0.0, -1.0, -0.08875, 0.0, 1.0, 0.0, 0.493625, 0.0, 0.0, 0.0, 1.0],
                [1.0, 0.0, -0.0, -0.035773, -0.0, 0.0, -1.0, -0.079929, 0.0, 1.0, 0.0, 0.490392, 0.0, 0.0, 0.0, 1.0],
                [1.0, 0.0, -0.0, -0.035773, -0.0, 0.0, -1.0, -0.071108, 0.0, 1.0, 0.0, 0.487159, 0.0, 0.0, 0.0, 1.0],
                [1.0, 0.0, -0.0, -0.035773, -0.0, 0.0, -1.0, -0.062287, 0.0, 1.0, 0.0, 0.483926, 0.0, 0.0, 0.0, 1.0],
                [1.0, 0.0, -0.0, -0.035773, -0.0, 0.0, -1.0, -0.053466, 0.0, 1.0, 0.0, 0.480693, 0.0, 0.0, 0.0, 1.0],
                [1.0, 0.0, -0.0, -0.035773, -0.0, 0.0, -1.0, -0.044645, 0.0, 1.0, 0.0, 0.480693, 0.0, 0.0, 0.0, 1.0],
                [1.0, 0.0, -0.0, -0.035773, -0.0, 0.0, -1.0, -0.023484, 0.0, 1.0, 0.0, 0.480693, 0.0, 0.0, 0.0, 1.0],
                [1.0, 0.0, -0.0, -0.035773, -0.0, 0.0, -1.0, -0.002323, 0.0, 1.0, 0.0, 0.480693, 0.0, 0.0, 0.0, 1.0],
                [1.0, 0.0, -0.0, -0.035773, -0.0, 0.0, -1.0, 0.03841, 0.0, 1.0, 0.0, 0.480693, 0.0, 0.0, 0.0, 1.0],
                [1.0, 0.0, -0.0, -0.035773, -0.0, 0.0, -1.0, 0.030086, 0.0, 1.0, 0.0, 0.480693, 0.0, 0.0, 0.0, 1.0],
                [1.0, 0.0, -0.0, -0.035773, -0.0, 0.0, -1.0, 0.021761, 0.0, 1.0, 0.0, 0.480693, 0.0, 0.0, 0.0, 1.0],
                [1.0, 0.0, -0.0, -0.035773, -0.0, 0.0, -1.0, 0.013437, 0.0, 1.0, 0.0, 0.480693, 0.0, 0.0, 0.0, 1.0],
                [1.0, 0.0, -0.0, -0.035773, -0.0, 0.0, -1.0, 0.005113, 0.0, 1.0, 0.0, 0.480693, 0.0, 0.0, 0.0, 1.0],
                [1.0, 0.0, -0.0, -0.035773, -0.0, 0.0, -1.0, -0.003212, 0.0, 1.0, 0.0, 0.480693, 0.0, 0.0, 0.0, 1.0],
                [1.0, 0.0, -0.0, -0.035773, -0.0, 0.0, -1.0, -0.011536, 0.0, 1.0, 0.0, 0.480693, 0.0, 0.0, 0.0, 1.0],
                [1.0, 0.0, -0.0, -0.035773, -0.0, 0.0, -1.0, -0.019861, 0.0, 1.0, 0.0, 0.480693, 0.0, 0.0, 0.0, 1.0],
                [1.0, 0.0, -0.0, -0.035773, -0.0, 0.0, -1.0, -0.028185, 0.0, 1.0, 0.0, 0.480693, 0.0, 0.0, 0.0, 1.0],
                [1.0, 0.0, -0.0, -0.035773, -0.0, 0.0, -1.0, -0.028185, 0.0, 1.0, 0.0, 0.480693, 0.0, 0.0, 0.0, 1.0]
            ]
        },
        {
            "name": "Thigh_R",
            "time": [0.0, 0.0167, 0.0333, 0.05, 0.0667, 0.0833, 0.1, 0.1167, 0.1333, 0.15, 0.1667, 0.1833, 0.2, 0.2167, 0.2333, 0.25, 0.2667, 0.2833, 0.3, 1.3667],
            "transform": [
                [0.932432, 0.257688, -0.253312, 0.081629, 0.359269, -0.586105, 0.726227, 0.063807, 0.038672, -0.768165, -0.639083, -0.157618, 0.0, 0.0, 0.0, 1.0],
                [0.93377, 0.242596, -0.263096, 0.081629, 0.354433, -0.525231, 0.773634, 0.063807, 0.049495, -0.815646, -0.57643, -0.160299, 0.0, 0.0, 0.0, 1.0],
                [0.935219, 0.231063, -0.268281, 0.081629, 0.348899, -0.472389, 0.809393, 0.063807, 0.060288, -0.850563, -0.522405, -0.16298, 0.0, 0.0, 0.0, 1.0],
                [0.936701, 0.222036, -0.270724, 0.081629, 0.342818, -0.424402, 0.838068, 0.063807, 0.071185, -0.877828, -0.473656, -0.165661, 0.0, 0.0, 0.0, 1.0],
                [0.93817, 0.214946, -0.271358, 0.081629, 0.336258, -0.379557, 0.861897, 0.063807, 0.082265, -0.899853, -0.428366, -0.168342, 0.0, 0.0, 0.0, 1.0],
                [0.939597, 0.209535, -0.27065, 0.081629, 0.329244, -0.337127, 0.882011, 0.063807, 0.093568, -0.917845, -0.385752, -0.171023, 0.0, 0.0, 0.0, 1.0],
                [0.940958, 0.205635, -0.268907, 0.081629, 0.321785, -0.296646, 0.899141, 0.063807, 0.105125, -0.932585, -0.345302, -0.173705, 0.0, 0.0, 0.0, 1.0],
                [0.974325, 0.224455, 0.017605, 0.081629, 0.090666, -0.462732, 0.881849, 0.063807, 0.206082, -0.857612, -0.471203, -0.176386, 0.0, 0.0, 0.0, 1.0],
                [0.973043, 0.230459, 0.008709, 0.081629, 0.099248, -0.452531, 0.886208, 0.063807, 0.208176, -0.861454, -0.463205, -0.179067, 0.0, 0.0, 0.0, 1.0],
                [0.971703, 0.236204, 0.00096, 0.081629, 0.107829, -0.447202, 0.887909, 0.063807, 0.210157, -0.862681, -0.460018, -0.181748, 0.0, 0.0, 0.0, 1.0],
                [0.968488, 0.24897, -0.006642, 0.081629, 0.121183, -0.447765, 0.885901, 0.063807, 0.217588, -0.85879, -0.463826, -0.184429, 0.0, 0.0, 0.0, 1.0],
                [0.97013, 0.242336, -0.010951, 0.081629, 0.121627, -0.446849, 0.886303, 0.063807, 0.20989, -0.861161, -0.462977, -0.182745, 0.0, 0.0, 0.0, 1.0],
                [0.971659, 0.2359, -0.015137, 0.081629, 0.12222, -0.446544, 0.886375, 0.063807, 0.202336, -0.863104, -0.462721, -0.181061, 0.0, 0.0, 0.0, 1.0],
                [0.973081, 0.229661, -0.019186, 0.081629, 0.122957, -0.446948, 0.886069, 0.063807, 0.194921, -0.864577, -0.463156, -0.179378, 0.0, 0.0, 0.0, 1.0],
                [0.9744, 0.223627, -0.023139, 0.081629, 0.123833, -0.447954, 0.885439, 0.063807, 0.187643, -0.865637, -0.464179, -0.177694, 0.0, 0.0, 0.0, 1.0],
                [0.975621, 0.217797, -0.026979, 0.081629, 0.124841, -0.449668, 0.884428, 0.063807, 0.180495, -0.866235, -0.465896, -0.17601, 0.0, 0.0, 0.0, 1.0],
                [0.976748, 0.212177, -0.030709, 0.081629, 0.125975, -0.45212, 0.883016, 0.063807, 0.173472, -0.866353, -0.468337, -0.174326, 0.0, 0.0, 0.0, 1.0],
                [0.977787, 0.20677, -0.034329, 0.081629, 0.127229, -0.455355, 0.881172, 0.063807, 0.166569, -0.865966, -0.471548, -0.172643, 0.0, 0.0, 0.0, 1.0],
                [0.978741, 0.201582, -0.03782, 0.081629, 0.128596, -0.459488, 0.878825, 0.063807, 0.159778, -0.865006, -0.475643, -0.170959, 0.0, 0.0, 0.0, 1.0],
                [0.978741, 0.201582, -0.03782, 0.081629, 0.128596, -0.459488, 0.878825, 0.063807, 0.159778, -0.865006, -0.475643, -0.170959, 0.0, 0.0, 0.0, 1.0]
            ]
        },
        {
            "name": "Leg_R",
            "time": [0.0, 0.0167, 0.0333, 0.05, 0.0667, 0.0833, 0.1, 0.1167, 0.1333, 0.15, 0.1667, 0.1833, 0.2, 0.2167, 0.2333, 0.25, 0.2667, 0.2833, 0.3, 1.3667],
            "transform": [
                [0.99981, -0.018769, -0.0053, -0.0, 0.018828, 0.858029, 0.513257, 0.374721, -0.005086, -0.513259, 0.858219, -0.0, 0.0, 0.0, 0.0, 1.0],
                [0.999687, -0.023465, -0.008638, 0.0, 0.023539, 0.766617, 0.641673, 0.374721, -0.008435, -0.641676, 0.76693, -0.0, 0.0, 0.0, 0.0, 1.0],
                [0.999568, -0.02688, -0.011893, -0.0, 0.026964, 0.67748, 0.735047, 0.374721, -0.0117, -0.73505, 0.677912, -0.0, 0.0, 0.0, 0.0, 1.0],
                [0.999452, -0.029484, -0.015058, 0.0, 0.029577, 0.590829, 0.806254, 0.374721, -0.014875, -0.806258, 0.591377, 0.0, 0.0, 0.0, 0.0, 1.0],
                [0.999339, -0.031514, -0.018145, -0.0, 0.031613, 0.506306, 0.861774, 0.374721, -0.017971, -0.861778, 0.506967, 0.0, 0.0, 0.0, 0.0, 1.0],
                [0.999228, -0.033095, -0.021147, -0.0, 0.033199, 0.424104, 0.905005, 0.374721, -0.020983, -0.905008, 0.424876, -0.0, 0.0, 0.0, 0.0, 1.0],
                [0.999122, -0.03431, -0.02406, 0.0, 0.034418, 0.344318, 0.938222, 0.374721, -0.023906, -0.938226, 0.345197, -0.0, 0.0, 0.0, 0.0, 1.0],
                [0.999497, -0.028536, -0.013821, -0.0, 0.028626, 0.624704, 0.780337, 0.374721, -0.013634, -0.78034, 0.625206, 0.0, 0.0, 0.0, 0.0, 1.0],
                [0.999412, -0.030249, -0.016143, -0.0, 0.030344, 0.56111, 0.827185, 0.374721, -0.015964, -0.827188, 0.561698, -0.0, 0.0, 0.0, 0.0, 1.0],
                [0.999332, -0.031614, -0.018315, -0.0, 0.031713, 0.501642, 0.864494, 0.374721, -0.018142, -0.864497, 0.50231, 0.0, 0.0, 0.0, 0.0, 1.0],
                [0.999201, -0.033435, -0.021894, 0.0, 0.03354, 0.403629, 0.914308, 0.374721, -0.021733, -0.914312, 0.404428, 0.0, 0.0, 0.0, 0.0, 1.0],
                [0.99923, -0.03308, -0.021114, -0.0, 0.033184, 0.425007, 0.904581, 0.374721, -0.02095, -0.904585, 0.425777, -0.0, 0.0, 0.0, 0.0, 1.0],
                [0.999259, -0.032688, -0.020307, 0.0, 0.032791, 0.447095, 0.893885, 0.374721, -0.020141, -0.893889, 0.447836, -0.0, 0.0, 0.0, 0.0, 1.0],
                [0.99929, -0.032256, -0.01947, -0.0, 0.032358, 0.47002, 0.882062, 0.374721, -0.019301, -0.882066, 0.47073, 0.0, 0.0, 0.0, 0.0, 1.0],
                [0.999322, -0.031784, -0.018611, 0.0, 0.031884, 0.493533, 0.869142, 0.374721, -0.018439, -0.869146, 0.494212, -0.0, 0.0, 0.0, 0.0, 1.0],
                [0.999354, -0.031265, -0.017726, 0.0, 0.031363, 0.517767, 0.854947, 0.374721, -0.017551, -0.854951, 0.518413, 0.0, 0.0, 0.0, 0.0, 1.0],
                [0.999387, -0.030694, -0.016815, -0.0, 0.030791, 0.542709, 0.839356, 0.374721, -0.016638, -0.83936, 0.543321, -0.0, 0.0, 0.0, 0.0, 1.0],
                [0.999422, -0.030068, -0.015879, 0.0, 0.030163, 0.568359, 0.822228, 0.374721, -0.015698, -0.822231, 0.568937, -0.0, 0.0, 0.0, 0.0, 1.0],
                [0.999457, -0.029376, -0.014912, 0.0, 0.029469, 0.594833, 0.803309, 0.374721, -0.014728, -0.803313, 0.595375, -0.0, 0.0, 0.0, 0.0, 1.0],
                [0.999457, -0.029376, -0.014912, 0.0, 0.029469, 0.594833, 0.803309, 0.374721, -0.014728, -0.803313, 0.595375, -0.0, 0.0, 0.0, 0.0, 1.0]
            ]
        },
        {
            "name": "Knee_R",
            "time": [0.0, 0.0167, 0.0333, 0.05, 0.0667, 0.0833, 0.1, 0.1167, 0.1333, 0.15, 0.1667, 0.1833, 0.2, 0.2167, 0.2333, 0.25, 0.2667, 0.2833, 0.3, 1.3667],
            "transform": [
                [1.0, -5.7e-05, 5.7e-05, -0.0, 5.7e-05, 0.001565, -0.999999, 0.375774, 5.7e-05, 0.999999, 0.001565, -2e-06, 0.0, 0.0, 0.0, 1.0],
                [1.0, -5.7e-05, 5.7e-05, -1e-06, 5.7e-05, 0.001565, -0.999999, 0.389329, 5.7e-05, 0.999999, 0.001565, -2.3e-05, 0.0, 0.0, 0.0, 1.0],
                [1.0, -5.7e-05, 5.7e-05, -1e-06, 5.7e-05, 0.001565, -0.999999, 0.400425, 5.7e-05, 0.999999, 0.001565, -4e-05, 0.0, 0.0, 0.0, 1.0],
                [1.0, -5.7e-05, 5.7e-05, -2e-06, 5.7e-05, 0.001565, -0.999999, 0.410062, 5.7e-05, 0.999999, 0.001565, -5.5e-05, 0.0, 0.0, 0.0, 1.0],
                [1.0, -5.7e-05, 5.7e-05, -3e-06, 5.7e-05, 0.001565, -0.999999, 0.41875, 5.7e-05, 0.999999, 0.001565, -6.9e-05, 0.0, 0.0, 0.0, 1.0],
                [1.0, -5.7e-05, 5.7e-05, -3e-06, 5.7e-05, 0.001565, -0.999999, 0.426728, 5.7e-05, 0.999999, 0.001565, -8.1e-05, 0.0, 0.0, 0.0, 1.0],
                [1.0, -5.7e-05, 5.7e-05, -3e-06, 5.7e-05, 0.001565, -0.999999, 0.434152, 5.7e-05, 0.999999, 0.001565, -9.3e-05, 0.0, 0.0, 0.0, 1.0],
                [1.0, -5.7e-05, 5.7e-05, -2e-06, 5.7e-05, 0.001565, -0.999999, 0.406399, 5.7e-05, 0.999999, 0.001565, -5e-05, 0.0, 0.0, 0.0, 1.0],
                [1.0, -5.7e-05, 5.7e-05, -2e-06, 5.7e-05, 0.001565, -0.999999, 0.413184, 5.7e-05, 0.999999, 0.001565, -6e-05, 0.0, 0.0, 0.0, 1.0],
                [1.0, -5.7e-05, 5.7e-05, -3e-06, 5.7e-05, 0.001565, -0.999999, 0.419214, 5.7e-05, 0.999999, 0.001565, -7e-05, 0.0, 0.0, 0.0, 1.0],
                [1.0, -5.7e-05, 5.7e-05, -3e-06, 5.7e-05, 0.001565, -0.999999, 0.42866, 5.7e-05, 0.999999, 0.001565, -8.4e-05, 0.0, 0.0, 0.0, 1.0],
                [1.0, -5.7e-05, 5.7e-05, -3e-06, 5.7e-05, 0.001565, -0.999999, 0.426643, 5.7e-05, 0.999999, 0.001565, -8.1e-05, 0.0, 0.0, 0.0, 1.0],
                [1.0, -5.7e-05, 5.7e-05, -3e-06, 5.7e-05, 0.001565, -0.999999, 0.424535, 5.7e-05, 0.999999, 0.001565, -7.8e-05, 0.0, 0.0, 0.0, 1.0],
                [1.0, -5.7e-05, 5.7e-05, -3e-06, 5.7e-05, 0.001565, -0.999999, 0.42232, 5.7e-05, 0.999999, 0.001565, -7.4e-05, 0.0, 0.0, 0.0, 1.0],
                [1.0, -5.7e-05, 5.7e-05, -3e-06, 5.7e-05, 0.001565, -0.999999, 0.420016, 5.7e-05, 0.999999, 0.001565, -7.1e-05, 0.0, 0.0, 0.0, 1.0],
                [1.0, -5.7e-05, 5.7e-05, -2e-06, 5.7e-05, 0.001565, -0.999999, 0.417605, 5.7e-05, 0.999999, 0.001565, -6.7e-05, 0.0, 0.0, 0.0, 1.0],
                [1.0, -5.7e-05, 5.7e-05, -2e-06, 5.7e-05, 0.001565, -0.999999, 0.415079, 5.7e-05, 0.999999, 0.001565, -6.3e-05, 0.0, 0.0, 0.0, 1.0],
                [1.0, -5.7e-05, 5.7e-05, -2e-06, 5.7e-05, 0.001565, -0.999999, 0.41243, 5.7e-05, 0.999999, 0.001565, -5.9e-05, 0.0, 0.0, 0.0, 1.0],
                [1.0, -5.7e-05, 5.7e-05, -2e-06, 5.7e-05, 0.001565, -0.999999, 0.409636, 5.7e-05, 0.999999, 0.001565, -5.5e-05, 0.0, 0.0, 0.0, 1.0],
                [1.0, -5.7e-05, 5.7e-05, -2e-06, 5.7e-05, 0.001565, -0.999999, 0.409636, 5.7e-05, 0.999999, 0.001565, -5.5e-05, 0.0, 0.0, 0.0, 1.0]
            ]
        },
        {
            "name": "Thigh_L",
            "time": [0.0, 0.0167, 0.0333, 0.05, 0.0667, 0.0833, 0.1, 0.1167, 0.1333, 0.15, 0.1667, 0.1833, 0.2, 0.2167, 0.2333, 0.25, 0.2667, 0.2833, 0.3, 1.3667],
            "transform": [
                [0.372781, -0.711664, -0.595456, -0.058611, -0.547235, -0.686849, 0.478301, 0.082497, -0.749378, 0.147553, -0.645492, 0.10419, 0.0, 0.0, 0.0, 1.0],
                [0.380997, -0.709161, -0.593238, -0.058611, -0.560946, -0.687348, 0.461403, 0.082497, -0.734971, 0.156981, -0.659678, 0.10419, 0.0, 0.0, 0.0, 1.0],
                [0.388572, -0.706329, -0.591702, -0.058611, -0.574042, -0.687886, 0.444172, 0.082497, -0.720755, 0.167069, -0.672755, 0.10419, 0.0, 0.0, 0.0, 1.0],
                [0.395539, -0.703161, -0.590858, -0.058611, -0.586553, -0.688435, 0.426628, 0.082497, -0.706756, 0.177821, -0.684745, 0.10419, 0.0, 0.0, 0.0, 1.0],
                [0.401929, -0.69965, -0.590713, -0.058611, -0.59851, -0.688967, 0.408791, 0.082497, -0.692993, 0.189243, -0.695664, 0.10419, 0.0, 0.0, 0.0, 1.0],
                [0.407772, -0.695782, -0.591277, -0.058611, -0.609941, -0.689456, 0.39067, 0.082497, -0.679481, 0.20134, -0.705527, 0.10419, 0.0, 0.0, 0.0, 1.0],
                [0.413099, -0.691538, -0.592558, -0.058611, -0.620874, -0.689876, 0.372272, 0.082497, -0.666232, 0.214119, -0.714345, 0.10419, 0.0, 0.0, 0.0, 1.0],
                [0.420154, -0.677808, -0.603363, -0.058611, -0.629354, -0.696657, 0.344359, 0.082497, -0.653746, 0.235045, -0.719284, 0.10419, 0.0, 0.0, 0.0, 1.0],
                [0.40468, -0.642587, -0.650627, -0.058611, -0.64253, -0.706067, 0.297699, 0.082497, -0.650684, 0.297574, -0.698613, 0.10419, 0.0, 0.0, 0.0, 1.0],
                [0.38919, -0.588958, -0.708279, -0.058611, -0.655309, -0.717397, 0.236457, 0.082497, -0.647381, 0.372115, -0.665153, 0.10419, 0.0, 0.0, 0.0, 1.0],
                [0.359839, -0.473163, -0.804135, -0.058611, -0.678839, -0.724037, 0.122261, 0.082497, -0.640073, 0.501884, -0.581738, 0.10419, 0.0, 0.0, 0.0, 1.0],
                [0.365261, -0.475748, -0.800155, -0.058611, -0.674064, -0.727995, 0.125142, 0.082497, -0.642045, 0.493646, -0.586593, 0.10419, 0.0, 0.0, 0.0, 1.0],
                [0.370696, -0.478318, -0.796113, -0.058611, -0.669221, -0.73193, 0.128145, 0.082497, -0.643994, 0.485273, -0.591424, 0.10419, 0.0, 0.0, 0.0, 1.0],
                [0.376143, -0.48087, -0.79201, -0.058611, -0.664311, -0.735839, 0.131271, 0.082497, -0.645916, 0.476764, -0.596228, 0.10419, 0.0, 0.0, 0.0, 1.0],
                [0.381596, -0.559389, -0.735845, -0.058611, -0.659338, -0.722661, 0.207446, 0.082497, -0.64781, 0.40601, -0.644591, 0.10419, 0.0, 0.0, 0.0, 1.0],
                [0.38706, -0.592094, -0.70683, -0.058611, -0.654295, -0.716505, 0.241906, 0.082497, -0.649679, 0.368843, -0.664735, 0.10419, 0.0, 0.0, 0.0, 1.0],
                [0.392533, -0.616165, -0.682831, -0.058611, -0.649183, -0.711527, 0.268868, 0.082497, -0.65152, 0.337743, -0.679302, 0.10419, 0.0, 0.0, 0.0, 1.0],
                [0.398014, -0.63562, -0.661492, -0.058611, -0.644004, -0.707116, 0.291969, 0.082497, -0.653333, 0.309795, -0.690784, 0.10419, 0.0, 0.0, 0.0, 1.0],
                [0.403501, -0.652091, -0.641845, -0.058611, -0.638756, -0.703011, 0.312674, 0.082497, -0.655116, 0.283817, -0.700193, 0.10419, 0.0, 0.0, 0.0, 1.0],
                [0.403501, -0.652091, -0.641845, -0.058611, -0.638756, -0.703011, 0.312674, 0.082497, -0.655116, 0.283817, -0.700193, 0.10419, 0.0, 0.0, 0.0, 1.0]
            ]
        },
        {
            "name": "Leg_L",
            "time": [0.0, 0.0167, 0.0333, 0.05, 0.0667, 0.0833, 0.1, 0.1167, 0.1333, 0.15, 0.1667, 0.1833, 0.2, 0.2167, 0.2333, 0.25, 0.2667, 0.2833, 0.3, 1.3667],
            "transform": [
                [1.0, 4.3e-05, 1.4e-05, 0.0, -4.3e-05, 0.824747, 0.565501, 0.374721, 1.3e-05, -0.565501, 0.824748, -0.0, 0.0, 0.0, 0.0, 1.0],
                [1.0, 4.3e-05, 1.4e-05, -0.0, -4.3e-05, 0.826846, 0.562429, 0.374721, 1.3e-05, -0.562428, 0.826846, -0.0, 0.0, 0.0, 0.0, 1.0],
                [1.0, 4.3e-05, 1.4e-05, 0.0, -4.3e-05, 0.829571, 0.558401, 0.374721, 1.2e-05, -0.558401, 0.829571, 0.0, 0.0, 0.0, 0.0, 1.0],
                [1.0, 4.2e-05, 1.3e-05, 0.0, -4.3e-05, 0.832925, 0.553386, 0.374721, 1.2e-05, -0.553386, 0.832925, -0.0, 0.0, 0.0, 0.0, 1.0],
                [1.0, 4.2e-05, 1.3e-05, 0.0, -4.2e-05, 0.836905, 0.547348, 0.374721, 1.2e-05, -0.547348, 0.836905, 0.0, 0.0, 0.0, 0.0, 1.0],
                [1.0, 4.1e-05, 1.3e-05, 0.0, -4.2e-05, 0.841513, 0.540237, 0.374721, 1.1e-05, -0.540237, 0.841513, -0.0, 0.0, 0.0, 0.0, 1.0],
                [1.0, 4e-05, 1.2e-05, -0.0, -4.1e-05, 0.846748, 0.531995, 0.374721, 1.1e-05, -0.531995, 0.846747, -0.0, 0.0, 0.0, 0.0, 1.0],
                [1.0, 3.8e-05, 1.1e-05, 0.0, -3.9e-05, 0.865284, 0.501282, 0.374721, 1e-05, -0.501282, 0.865284, 0.0, 0.0, 0.0, 0.0, 1.0],
                [1.0, 3.1e-05, 7e-06, 0.0, -3.2e-05, 0.912041, 0.410099, 0.374721, 6e-06, -0.410099, 0.912041, 0.0, 0.0, 0.0, 0.0, 1.0],
                [1.0, 2.1e-05, 4e-06, -0.0, -2.1e-05, 0.961882, 0.273466, 0.374721, 2e-06, -0.273466, 0.961882, 0.0, 0.0, 0.0, 0.0, 1.0],
                [1.0, 0.0, 1e-06, 0.0, 0.0, 1.0, 0.000403, 0.374721, -1e-06, -0.000403, 1.0, 0.0, 0.0, 0.0, 0.0, 1.0],
                [1.0, 0.0, 1e-06, 0.0, -0.0, 1.0, 0.000403, 0.374721, -1e-06, -0.000403, 1.0, 0.0, 0.0, 0.0, 0.0, 1.0],
                [1.0, 0.0, 1e-06, -0.0, 0.0, 1.0, 0.000403, 0.374721, -1e-06, -0.000403, 1.0, 0.0, 0.0, 0.0, 0.0, 1.0],
                [1.0, 0.0, 1e-06, -0.0, 0.0, 1.0, 0.000403, 0.374721, -1e-06, -0.000403, 1.0, -0.0, 0.0, 0.0, 0.0, 1.0],
                [1.0, 1.5e-05, 2e-06, 0.0, -1.5e-05, 0.98014, 0.198308, 0.374721, 1e-06, -0.198308, 0.98014, -0.0, 0.0, 0.0, 0.0, 1.0],
                [1.0, 2.1e-05, 4e-06, -0.0, -2.2e-05, 0.959731, 0.280922, 0.374721, 2e-06, -0.280922, 0.959731, 0.0, 0.0, 0.0, 0.0, 1.0],
                [1.0, 2.6e-05, 5e-06, 0.0, -2.6e-05, 0.93976, 0.341834, 0.374721, 4e-06, -0.341834, 0.93976, 0.0, 0.0, 0.0, 0.0, 1.0],
                [1.0, 3e-05, 7e-06, 0.0, -3e-05, 0.920308, 0.391195, 0.374721, 5e-06, -0.391195, 0.920308, 0.0, 0.0, 0.0, 0.0, 1.0],
                [1.0, 3.3e-05, 8e-06, -0.0, -3.3e-05, 0.901324, 0.433145, 0.374721, 7e-06, -0.433145, 0.901324, 0.0, 0.0, 0.0, 0.0, 1.0],
                [1.0, 3.3e-05, 8e-06, -0.0, -3.3e-05, 0.901324, 0.433145, 0.374721, 7e-06, -0.433145, 0.901324, 0.0, 0.0, 0.0, 0.0, 1.0]
            ]
        },
        {
            "name": "Knee_L",
            "time": [0.0, 0.0167, 0.0333, 0.05, 0.0667, 0.0833, 0.1, 0.1167, 0.1333, 0.15, 0.1667, 0.1833, 0.2, 0.2167, 0.2333, 0.25, 0.2667, 0.2833, 0.3, 1.3667],
            "transform": [
                [1.0, 0.0, -0.0, 0.0, -0.0, 0.001565, -0.999999, 0.381107, -0.0, 0.999999, 0.001565, -1e-05, 0.0, 0.0, 0.0, 1.0],
                [1.0, 0.0, -0.0, -0.0, -0.0, 0.001565, -0.999999, 0.380788, -0.0, 0.999999, 0.001564, -1e-05, 0.0, 0.0, 0.0, 1.0],
                [1.0, 0.0, -0.0, 0.0, -0.0, 0.001565, -0.999999, 0.38037, -0.0, 0.999999, 0.001565, -9e-06, 0.0, 0.0, 0.0, 1.0],
                [1.0, 0.0, -0.0, 0.0, -0.0, 0.001565, -0.999999, 0.379851, -0.0, 0.999999, 0.001564, -8e-06, 0.0, 0.0, 0.0, 1.0],
                [1.0, 0.0, -0.0, 0.0, -0.0, 0.001565, -0.999999, 0.37923, -0.0, 0.999999, 0.001565, -7e-06, 0.0, 0.0, 0.0, 1.0],
                [1.0, 0.0, -0.0, -0.0, -0.0, 0.001565, -0.999999, 0.378501, -0.0, 0.999999, 0.001565, -6e-06, 0.0, 0.0, 0.0, 1.0],
                [1.0, 0.0, -0.0, -0.0, -0.0, 0.001565, -0.999999, 0.377662, -0.0, 0.999999, 0.001565, -5e-06, 0.0, 0.0, 0.0, 1.0],
                [1.0, 0.0, -0.0, 0.0, -0.0, 0.001565, -0.999999, 0.374721, -0.0, 0.999999, 0.001565, 0.0, 0.0, 0.0, 0.0, 1.0],
                [1.0, 0.0, -0.0, 0.0, -0.0, 0.001565, -0.999999, 0.374721, -0.0, 0.999999, 0.001565, 0.0, 0.0, 0.0, 0.0, 1.0],
                [1.0, 0.0, -0.0, -0.0, -0.0, 0.001565, -0.999999, 0.374721, -0.0, 0.999999, 0.001565, 0.0, 0.0, 0.0, 0.0, 1.0],
                [1.0, 0.0, -0.0, 0.0, -0.0, 0.001565, -0.999999, 0.374721, -0.0, 0.999999, 0.001564, 0.0, 0.0, 0.0, 0.0, 1.0],
                [1.0, -0.0, -0.0, 0.0, -0.0, 0.001565, -0.999999, 0.374721, -0.0, 0.999999, 0.001565, 0.0, 0.0, 0.0, 0.0, 1.0],
                [1.0, 0.0, -0.0, -0.0, -0.0, 0.001565, -0.999999, 0.374721, -0.0, 0.999999, 0.001565, 0.0, 0.0, 0.0, 0.0, 1.0],
                [1.0, 0.0, -0.0, -0.0, -0.0, 0.001565, -0.999999, 0.374721, -0.0, 0.999999, 0.001565, 0.0, 0.0, 0.0, 0.0, 1.0],
                [1.0, 0.0, -0.0, 0.0, -0.0, 0.001565, -0.999999, 0.374721, -0.0, 0.999999, 0.001565, -0.0, 0.0, 0.0, 0.0, 1.0],
                [1.0, 0.0, -0.0, -0.0, -0.0, 0.001565, -0.999999, 0.374721, -0.0, 0.999999, 0.001565, 0.0, 0.0, 0.0, 0.0, 1.0],
                [1.0, 0.0, -0.0, 0.0, -0.0, 0.001565, -0.999999, 0.374721, -0.0, 0.999999, 0.001565, 0.0, 0.0, 0.0, 0.0, 1.0],
                [1.0, 0.0, -0.0, 0.0, -0.0, 0.001565, -0.999999, 0.374721, -0.0, 0.999999, 0.001565, 0.0, 0.0, 0.0, 0.0, 1.0],
                [1.0, 0.0, -0.0, 0.0, -0.0, 0.001565, -0.999999, 0.374721, -0.0, 0.999999, 0.001565, -0.0, 0.0, 0.0, 0.0, 1.0],
                [1.0, 0.0, -0.0, 0.0, -0.0, 0.001565, -0.999999, 0.374721, -0.0, 0.999999, 0.001565, -0.0, 0.0, 0.0, 0.0, 1.0]
            ]
        },
        {
            "name": "Torso",
            "time": [0.0, 0.0167, 0.0333, 0.05, 0.0667, 0.0833, 0.1, 0.1167, 0.1333, 0.15, 0.1667, 0.1833, 0.2, 0.2167, 0.2333, 0.25, 0.2667, 0.2833, 0.3, 1.3667],
            "transform": [
                [0.346936, 0.094514, 0.933115, 0.0, -0.110847, 0.992069, -0.059272, 0.05, -0.931316, -0.082869, 0.35466, 0.0, 0.0, 0.0, 0.0, 1.0],
                [0.346936, 0.094514, 0.933115, 0.0, -0.110847, 0.992069, -0.059272, 0.05, -0.931316, -0.082869, 0.35466, 0.0, 0.0, 0.0, 0.0, 1.0],
                [0.346936, 0.094514, 0.933115, 0.0, -0.110847, 0.992069, -0.059272, 0.05, -0.931316, -0.082869, 0.35466, 0.0, 0.0, 0.0, 0.0, 1.0],
                [0.346936, 0.094514, 0.933115, -0.0, -0.110847, 0.992069, -0.059272, 0.05, -0.931316, -0.082869, 0.35466, 0.0, 0.0, 0.0, 0.0, 1.0],
                [0.346936, 0.094514, 0.933115, -0.0, -0.110847, 0.992069, -0.059272, 0.05, -0.931316, -0.082869, 0.35466, 0.0, 0.0, 0.0, 0.0, 1.0],
                [0.346936, 0.094514, 0.933115, 0.0, -0.110847, 0.992069, -0.059272, 0.05, -0.931316, -0.082869, 0.35466, -0.0, 0.0, 0.0, 0.0, 1.0],
                [0.346936, 0.094514, 0.933115, 0.0, -0.110847, 0.992069, -0.059272, 0.05, -0.931316, -0.082869, 0.35466, -0.0, 0.0, 0.0, 0.0, 1.0],
                [0.346936, 0.094514, 0.933115, 0.0, -0.110847, 0.992069, -0.059272, 0.05, -0.931316, -0.082869, 0.35466, -0.0, 0.0, 0.0, 0.0, 1.0],
                [0.346936, 0.094514, 0.933115, -0.0, -0.110847, 0.992069, -0.059272, 0.05, -0.931316, -0.082869, 0.35466, -0.0, 0.0, 0.0, 0.0, 1.0],
                [0.346936, 0.094514, 0.933115, 0.0, -0.110847, 0.992069, -0.059272, 0.05, -0.931316, -0.082869, 0.35466, 0.0, 0.0, 0.0, 0.0, 1.0],
                [0.346936, 0.094514, 0.933115, 0.0, -0.110847, 0.992069, -0.059272, 0.05, -0.931316, -0.082869, 0.35466, -0.0, 0.0, 0.0, 0.0, 1.0],
                [0.346936, 0.094514, 0.933115, 0.0, -0.110847, 0.992069, -0.059272, 0.05, -0.931316, -0.082869, 0.35466, -0.0, 0.0, 0.0, 0.0, 1.0],
                [0.346936, 0.094514, 0.933115, 0.0, -0.110847, 0.992069, -0.059272, 0.05, -0.931316, -0.082869, 0.35466, -0.0, 0.0, 0.0, 0.0, 1.0],
                [0.346936, 0.094514, 0.933115, -0.0, -0.110847, 0.992069, -0.059272, 0.05, -0.931316, -0.082869, 0.35466, 0.0, 0.0, 0.0, 0.0, 1.0],
                [0.346936, 0.094514, 0.933115, -0.0, -0.110847, 0.992069, -0.059272, 0.05, -0.931316, -0.082869, 0.35466, -0.0, 0.0, 0.0, 0.0, 1.0],
                [0.346936, 0.094514, 0.933115, 0.0, -0.110847, 0.992069, -0.059272, 0.05, -0.931316, -0.082869, 0.35466, 0.0, 0.0, 0.0, 0.0, 1.0],
                [0.346936, 0.094514, 0.933115, 0.0, -0.110847, 0.992069, -0.059272, 0.05, -0.931316, -0.082869, 0.35466, 0.0, 0.0, 0.0, 0.0, 1.0],
                [0.346936, 0.094514, 0.933115, 0.0, -0.110847, 0.992069, -0.059272, 0.05, -0.931316, -0.082869, 0.35466, -0.0, 0.0, 0.0, 0.0, 1.0],
                [0.346936, 0.094514, 0.933115, -0.0, -0.110847, 0.992069, -0.059272, 0.05, -0.931316, -0.082869, 0.35466, -0.0, 0.0, 0.0, 0.0, 1.0],
                [0.346936, 0.094514, 0.933115, -0.0, -0.110847, 0.992069, -0.059272, 0.05, -0.931316, -0.082869, 0.35466, -0.0, 0.0, 0.0, 0.0, 1.0]
            ]
        },
        {
            "name": "Chest",
            "time": [0.0, 0.0167, 0.0333, 0.05, 0.0667, 0.0833, 0.1, 0.1167, 0.1333, 0.15, 0.1667, 0.1833, 0.2, 0.2167, 0.2333, 0.25, 0.2667, 0.2833, 0.3, 1.3667],
            "transform": [
                [0.972036, 0.109087, -0.207958, 0.0, -0.03326, 0.940583, 0.33793, 0.300004, 0.232466, -0.321563, 0.917909, 0.0, 0.0, 0.0, 0.0, 1.0],
                [0.977428, 0.102803, -0.184572, 0.0, -0.034449, 0.939489, 0.340844, 0.300004, 0.208443, -0.326792, 0.921824, 0.0, 0.0, 0.0, 0.0, 1.0],
                [0.982225, 0.096302, -0.161119, 0.0, -0.035626, 0.9384, 0.343709, 0.300004, 0.184294, -0.33186, 0.925151, -0.0, 0.0, 0.0, 0.0, 1.0],
                [0.986426, 0.08959, -0.137613, 0.0, -0.036788, 0.937319, 0.346525, 0.300004, 0.160033, -0.336758, 0.927892, 0.0, 0.0, 0.0, 0.0, 1.0],
                [0.990027, 0.08267, -0.114071, 0.0, -0.037934, 0.936246, 0.349292, 0.300004, 0.135674, -0.341481, 0.930045, 0.0, 0.0, 0.0, 0.0, 1.0],
                [0.993026, 0.075546, -0.090508, 0.0, -0.039062, 0.935181, 0.352011, 0.300004, 0.111234, -0.34602, 0.93161, 0.0, 0.0, 0.0, 0.0, 1.0],
                [0.995422, 0.068223, -0.066938, 0.0, -0.040171, 0.934124, 0.354682, 0.300004, 0.086726, -0.350369, 0.932588, 0.0, 0.0, 0.0, 0.0, 1.0],
                [0.997213, 0.060706, -0.043378, 0.0, -0.041259, 0.933076, 0.357306, 0.300004, 0.062165, -0.354521, 0.93298, 0.0, 0.0, 0.0, 0.0, 1.0],
                [0.998397, 0.052999, -0.019842, 0.0, -0.042324, 0.932037, 0.359884, 0.300004, 0.037567, -0.358468, 0.932786, 0.0, 0.0, 0.0, 0.0, 1.0],
                [0.998976, 0.045109, 0.003654, 0.0, -0.043365, 0.931007, 0.362417, 0.300004, 0.012946, -0.362204, 0.932009, 0.0, 0.0, 0.0, 0.0, 1.0],
                [0.971383, 0.114067, 0.208334, 0.0, -0.182375, 0.92013, 0.346555, 0.300004, -0.152164, -0.374632, 0.914602, 0.0, 0.0, 0.0, 0.0, 1.0],
                [0.978354, 0.108298, 0.176341, 0.0, -0.165346, 0.921499, 0.351425, 0.300004, -0.12444, -0.372975, 0.919459, -0.0, 0.0, 0.0, 0.0, 1.0],
                [0.984255, 0.102374, 0.144088, 0.0, -0.148009, 0.922971, 0.355271, 0.300004, -0.096619, -0.371003, 0.923592, 0.0, 0.0, 0.0, 0.0, 1.0],
                [0.989076, 0.096281, 0.111622, 0.0, -0.130409, 0.92454, 0.358078, 0.300004, -0.068723, -0.368723, 0.926996, 0.0, 0.0, 0.0, 0.0, 1.0],
                [0.992804, 0.090004, 0.07899, 0.0, -0.112595, 0.926197, 0.359837, 0.300004, -0.040773, -0.366141, 0.929666, 0.0, 0.0, 0.0, 0.0, 1.0],
                [0.995432, 0.083529, 0.04624, 0.0, -0.094613, 0.927934, 0.360537, 0.300004, -0.012792, -0.363265, 0.931598, -0.0, 0.0, 0.0, 0.0, 1.0],
                [0.996953, 0.076844, 0.013421, 0.0, -0.076513, 0.929743, 0.360171, 0.300004, 0.015199, -0.360101, 0.93279, -0.0, 0.0, 0.0, 0.0, 1.0],
                [0.997362, 0.069936, -0.019417, 0.0, -0.058341, 0.931614, 0.358736, 0.300004, 0.043178, -0.356657, 0.933237, 0.0, 0.0, 0.0, 0.0, 1.0],
                [0.996659, 0.062792, -0.052226, -0.0, -0.040148, 0.933536, 0.356228, 0.300004, 0.071123, -0.352942, 0.932938, 0.0, 0.0, 0.0, 0.0, 1.0],
                [0.996659, 0.062792, -0.052226, -0.0, -0.040148, 0.933536, 0.356228, 0.300004, 0.071123, -0.352942, 0.932938, 0.0, 0.0, 0.0, 0.0, 1.0]
            ]
        },
        {
            "name": "Head",
            "time": [0.0, 0.0167, 0.0333, 0.05, 0.0667, 0.0833, 0.1, 0.1167, 0.1333, 0.15, 0.1667, 0.1833, 0.2, 0.2167, 0.2333, 0.25, 0.2667, 0.2833, 0.3, 1.3667],
            "transform": [
                [0.508624, -0.022358, -0.860698, 0.0, -0.212696, 0.965416, -0.15077, 0.400003, 0.834303, 0.259752, 0.486278, 0.0, 0.0, 0.0, 0.0, 1.0],
                [0.510629, 0.014231, -0.859684, 0.002313, -0.205125, 0.973008, -0.105732, 0.400485, 0.834974, 0.230333, 0.499765, -0.000317, 0.0, 0.0, 0.0, 1.0],
                [0.513446, 0.050451, -0.856637, 0.004626, -0.197488, 0.978421, -0.060746, 0.400968, 0.835088, 0.200366, 0.51233, -0.000633, 0.0, 0.0, 0.0, 1.0],
                [0.517003, 0.086001, -0.851652, 0.006939, -0.19, 0.98165, -0.016212, 0.40145, 0.83463, 0.170196, 0.523857, -0.00095, 0.0, 0.0, 0.0, 1.0],
                [0.521195, 0.120609, -0.844872, 0.009251, -0.18286, 0.982754, 0.027487, 0.401933, 0.833617, 0.140168, 0.534261, -0.001267, 0.0, 0.0, 0.0, 1.0],
                [0.525891, 0.154046, -0.836486, 0.011564, -0.176248, 0.981853, 0.070011, 0.402415, 0.832091, 0.11061, 0.543498, -0.001584, 0.0, 0.0, 0.0, 1.0],
                [0.530945, 0.186134, -0.826711, 0.013877, -0.170309, 0.979111, 0.111068, 0.402898, 0.830115, 0.081825, 0.551555, -0.0019, 0.0, 0.0, 0.0, 1.0],
                [0.568223, 0.177623, -0.803476, 0.01619, -0.209218, 0.975523, 0.067697, 0.40338, 0.795833, 0.129634, 0.591476, -0.002217, 0.0, 0.0, 0.0, 1.0],
                [0.403979, 0.175986, -0.89768, 0.018503, -0.239107, 0.967518, 0.082073, 0.403863, 0.882966, 0.181486, 0.432937, -0.002534, 0.0, 0.0, 0.0, 1.0],
                [0.215484, 0.159257, -0.963433, 0.020816, -0.272724, 0.957167, 0.097223, 0.404345, 0.93765, 0.241801, 0.249688, -0.00285, 0.0, 0.0, 0.0, 1.0],
                [0.0704, 0.062533, -0.995557, 0.023129, -0.430597, 0.902164, 0.026218, 0.404828, 0.899795, 0.426838, 0.090439, -0.003167, 0.0, 0.0, 0.0, 1.0],
                [0.095207, 0.076759, -0.992494, 0.020216, -0.410715, 0.911234, 0.031076, 0.403983, 0.90678, 0.404673, 0.118282, -0.002034, 0.0, 0.0, 0.0, 1.0],
                [0.120465, 0.090131, -0.988617, 0.017304, -0.391277, 0.919562, 0.036157, 0.403138, 0.912354, 0.382468, 0.146042, -0.000901, 0.0, 0.0, 0.0, 1.0],
                [0.146095, 0.102665, -0.983929, 0.014392, -0.372297, 0.927187, 0.041465, 0.402293, 0.916543, 0.360256, 0.173679, 0.000231, 0.0, 0.0, 0.0, 1.0],
                [0.172019, 0.11438, -0.978431, 0.01148, -0.353784, 0.934145, 0.047004, 0.401449, 0.919373, 0.338068, 0.201156, 0.001364, 0.0, 0.0, 0.0, 1.0],
                [0.198163, 0.125297, -0.972128, 0.008568, -0.335748, 0.940472, 0.052776, 0.400604, 0.920872, 0.315931, 0.228435, 0.002497, 0.0, 0.0, 0.0, 1.0],
                [0.224457, 0.135438, -0.965027, 0.005656, -0.318195, 0.946201, 0.058786, 0.399759, 0.921071, 0.293872, 0.255477, 0.00363, 0.0, 0.0, 0.0, 1.0],
                [0.250833, 0.144827, -0.957135, 0.002744, -0.301131, 0.951362, 0.065037, 0.398914, 0.920001, 0.27191, 0.282245, 0.004763, 0.0, 0.0, 0.0, 1.0],
                [0.277229, 0.153489, -0.948465, -0.000168, -0.284561, 0.955985, 0.071531, 0.398069, 0.917698, 0.250065, 0.308704, 0.005896, 0.0, 0.0, 0.0, 1.0],
                [0.277229, 0.153489, -0.948465, -0.000168, -0.284561, 0.955985, 0.071531, 0.398069, 0.917698, 0.250065, 0.308704, 0.005896, 0.0, 0.0, 0.0, 1.0]
            ]
        },
        {
            "name": "Shoulder_R",
            "time": [0.0, 0.0167, 0.0333, 0.05, 0.0667, 0.0833, 0.1, 0.1167, 0.1333, 0.15, 0.1667, 0.1833, 0.2, 0.2167, 0.2333, 0.25, 0.2667, 0.2833, 0.3, 1.3667],
            "transform": [
                [-0.0, 0.952114, 0.305743, -0.133949, -0.003712, -0.305741, 0.952107, 0.372709, 0.999993, -0.001135, 0.003534, 0.025328, 0.0, 0.0, 0.0, 1.0],
                [-0.0, 0.952114, 0.305743, -0.130127, -0.003712, -0.305741, 0.952107, 0.373506, 0.999993, -0.001135, 0.003534, 0.024805, 0.0, 0.0, 0.0, 1.0],
                [-0.0, 0.952114, 0.305743, -0.126306, -0.003712, -0.305741, 0.952107, 0.374303, 0.999993, -0.001135, 0.003534, 0.024282, 0.0, 0.0, 0.0, 1.0],
                [-0.0, 0.952114, 0.305743, -0.122484, -0.003712, -0.305741, 0.952107, 0.375101, 0.999993, -0.001135, 0.003534, 0.023758, 0.0, 0.0, 0.0, 1.0],
                [-0.0, 0.952114, 0.305743, -0.118662, -0.003712, -0.305741, 0.952107, 0.375898, 0.999993, -0.001135, 0.003534, 0.023235, 0.0, 0.0, 0.0, 1.0],
                [-0.0, 0.952114, 0.305743, -0.11484, -0.003712, -0.305741, 0.952107, 0.376696, 0.999993, -0.001135, 0.003534, 0.022712, 0.0, 0.0, 0.0, 1.0],
                [-0.0, 0.952114, 0.305743, -0.111018, -0.003712, -0.305741, 0.952107, 0.377493, 0.999993, -0.001135, 0.003534, 0.022188, 0.0, 0.0, 0.0, 1.0],
                [-0.0, 0.952114, 0.305743, -0.107196, -0.003712, -0.305741, 0.952107, 0.37829, 0.999993, -0.001135, 0.003534, 0.021665, 0.0, 0.0, 0.0, 1.0],
                [-0.0, 0.952114, 0.305743, -0.103374, -0.003712, -0.305741, 0.952107, 0.379088, 0.999993, -0.001135, 0.003534, 0.021141, 0.0, 0.0, 0.0, 1.0],
                [-0.0, 0.952114, 0.305743, -0.099552, -0.003712, -0.305741, 0.952107, 0.379885, 0.999993, -0.001135, 0.003534, 0.020618, 0.0, 0.0, 0.0, 1.0],
                [-0.0, 0.952114, 0.305743, -0.09573, -0.003712, -0.305741, 0.952107, 0.380682, 0.999993, -0.001135, 0.003534, 0.020095, 0.0, 0.0, 0.0, 1.0],
                [-0.0, 0.952114, 0.305743, -0.09779, -0.003712, -0.305741, 0.952107, 0.380085, 0.999993, -0.001135, 0.003534, 0.020896, 0.0, 0.0, 0.0, 1.0],
                [-0.0, 0.952114, 0.305743, -0.099849, -0.003712, -0.305741, 0.952107, 0.379488, 0.999993, -0.001135, 0.003534, 0.021697, 0.0, 0.0, 0.0, 1.0],
                [-0.0, 0.952114, 0.305743, -0.101908, -0.003712, -0.305741, 0.952107, 0.37889, 0.999993, -0.001135, 0.003534, 0.022498, 0.0, 0.0, 0.0, 1.0],
                [-0.0, 0.952114, 0.305743, -0.103968, -0.003712, -0.305741, 0.952107, 0.378293, 0.999993, -0.001135, 0.003534, 0.023299, 0.0, 0.0, 0.0, 1.0],
                [-0.0, 0.952114, 0.305743, -0.106027, -0.003712, -0.305741, 0.952107, 0.377695, 0.999993, -0.001135, 0.003534, 0.0241, 0.0, 0.0, 0.0, 1.0],
                [-0.0, 0.952114, 0.305743, -0.108086, -0.003712, -0.305741, 0.952107, 0.377098, 0.999993, -0.001135, 0.003534, 0.024902, 0.0, 0.0, 0.0, 1.0],
                [-0.0, 0.952114, 0.305743, -0.110146, -0.003712, -0.305741, 0.952107, 0.3765, 0.999993, -0.001135, 0.003534, 0.025703, 0.0, 0.0, 0.0, 1.0],
                [-0.0, 0.952114, 0.305743, -0.112205, -0.003712, -0.305741, 0.952107, 0.375903, 0.999993, -0.001135, 0.003534, 0.026504, 0.0, 0.0, 0.0, 1.0],
                [-0.0, 0.952114, 0.305743, -0.112205, -0.003712, -0.305741, 0.952107, 0.375903, 0.999993, -0.001135, 0.003534, 0.026504, 0.0, 0.0, 0.0, 1.0]
            ]
        },
        {
            "name": "Arm_R",
            "time": [0.0, 0.0167, 0.0333, 0.05, 0.0667, 0.0833, 0.1, 0.1167, 0.1333, 0.15, 0.1667, 0.1833, 0.2, 0.2167, 0.2333, 0.25, 0.2667, 0.2833, 0.3, 1.3667],
            "transform": [
                [0.76811, 0.01182, -0.640209, 0.0, 0.042676, 0.996661, 0.069602, 0.39386, 0.638894, -0.080784, 0.765041, 0.0, 0.0, 0.0, 0.0, 1.0],
                [0.643536, -0.050853, -0.763725, -0.0, 0.091256, 0.995771, 0.010591, 0.39386, 0.759957, -0.07651, 0.645455, -0.0, 0.0, 0.0, 0.0, 1.0],
                [0.488998, -0.117989, -0.864268, -0.0, 0.133543, 0.989256, -0.059494, 0.39386, 0.862002, -0.086324, 0.499501, 0.0, 0.0, 0.0, 0.0, 1.0],
                [0.311306, -0.184587, -0.93221, -0.0, 0.16569, 0.976472, -0.13802, 0.393861, 0.935754, -0.111491, 0.334566, -0.0, 0.0, 0.0, 0.0, 1.0],
                [0.121344, -0.245265, -0.961832, -0.0, 0.18502, 0.957599, -0.220844, 0.393861, 0.975215, -0.15116, 0.161577, 0.0, 0.0, 0.0, 0.0, 1.0],
                [-0.068254, -0.295513, -0.952897, -0.0, 0.190726, 0.933644, -0.303204, 0.39386, 0.979267, -0.202437, -0.007363, -0.0, 0.0, 0.0, 0.0, 1.0],
                [-0.246004, -0.332643, -0.910401, -0.0, 0.183947, 0.906174, -0.380804, 0.39386, 0.951654, -0.261145, -0.161733, -0.0, 0.0, 0.0, 0.0, 1.0],
                [0.253591, -0.64415, -0.721638, -0.0, 0.036762, 0.751904, -0.658247, 0.393861, 0.966613, 0.140397, 0.214356, 0.0, 0.0, 0.0, 0.0, 1.0],
                [0.779472, -0.426776, -0.458569, -0.0, 0.134399, 0.828912, -0.542993, 0.393861, 0.61185, 0.361616, 0.703472, 0.0, 0.0, 0.0, 0.0, 1.0],
                [0.992685, -0.112458, 0.043932, 0.0, 0.120602, 0.906544, -0.404515, 0.393861, 0.005665, 0.406854, 0.913476, -0.0, 0.0, 0.0, 0.0, 1.0],
                [0.981974, 0.100043, 0.160367, -0.0, 0.004217, 0.836634, -0.547746, 0.39386, -0.188966, 0.538549, 0.821131, 0.0, 0.0, 0.0, 0.0, 1.0],
                [0.986324, 0.066662, 0.150732, 0.0, 0.023658, 0.847816, -0.529762, 0.39386, -0.163108, 0.526083, 0.834645, 0.0, 0.0, 0.0, 0.0, 1.0],
                [0.989668, 0.033077, 0.139512, 0.0, 0.043528, 0.857793, -0.51215, 0.39386, -0.136613, 0.512931, 0.84749, -0.0, 0.0, 0.0, 0.0, 1.0],
                [0.991935, -0.000632, 0.12674, -0.0, 0.063797, 0.866556, -0.494986, 0.39386, -0.109514, 0.49908, 0.859608, -0.0, 0.0, 0.0, 0.0, 1.0],
                [0.993062, -0.034382, 0.112454, -0.0, 0.084432, 0.874101, -0.478349, 0.393861, -0.08185, 0.484525, 0.87094, -0.0, 0.0, 0.0, 0.0, 1.0],
                [0.992982, -0.06809, 0.0967, -0.0, 0.105394, 0.880431, -0.462313, 0.393861, -0.053658, 0.46926, 0.881428, 0.0, 0.0, 0.0, 0.0, 1.0],
                [0.991634, -0.101674, 0.079529, -0.0, 0.126642, 0.885548, -0.446952, 0.393861, -0.024983, 0.453284, 0.891016, -0.0, 0.0, 0.0, 0.0, 1.0],
                [0.988959, -0.135052, 0.061001, -0.0, 0.148133, 0.889462, -0.432335, 0.393861, 0.00413, 0.436597, 0.899647, -0.0, 0.0, 0.0, 0.0, 1.0],
                [0.984902, -0.168144, 0.041182, 0.0, 0.169816, 0.892186, -0.418529, 0.393861, 0.033632, 0.419204, 0.907269, -0.0, 0.0, 0.0, 0.0, 1.0],
                [0.984902, -0.168144, 0.041182, 0.0, 0.169816, 0.892186, -0.418529, 0.393861, 0.033632, 0.419204, 0.907269, -0.0, 0.0, 0.0, 0.0, 1.0]
            ]
        },
        {
            "name": "Hand_R",
            "time": [0.0, 0.0167, 0.0333, 0.05, 0.0667, 0.0833, 0.1, 0.1167, 0.1333, 0.15, 0.1667, 0.1833, 0.2, 0.2167, 0.2333, 0.25, 0.2667, 0.2833, 0.3, 1.3667],
            "transform": [
                [1.0, 0.0, -0.0, 0.0, 0.0, 0.416059, -0.909338, 0.300005, -0.0, 0.909338, 0.416059, -0.0, 0.0, 0.0, 0.0, 1.0],
                [1.0, -0.0, 0.0, -0.0, 0.0, 0.332578, -0.943076, 0.300005, 0.0, 0.943076, 0.332577, 0.0, 0.0, 0.0, 0.0, 1.0],
                [1.0, 0.0, 0.0, -0.0, 0.0, 0.246399, -0.969169, 0.300005, 0.0, 0.969168, 0.246399, 0.0, 0.0, 0.0, 0.0, 1.0],
                [1.0, 0.0, 0.0, 0.0, -0.0, 0.158224, -0.987403, 0.300005, -0.0, 0.987403, 0.158224, 0.0, 0.0, 0.0, 0.0, 1.0],
                [1.0, 0.0, -0.0, -0.0, 0.0, 0.068765, -0.997633, 0.300005, 0.0, 0.997633, 0.068765, 0.0, 0.0, 0.0, 0.0, 1.0],
                [1.0, 0.0, -0.0, 0.0, 0.0, -0.021251, -0.999774, 0.300005, 0.0, 0.999774, -0.021251, 0.0, 0.0, 0.0, 0.0, 1.0],
                [1.0, 0.0, 0.0, -0.0, -0.0, -0.111095, -0.99381, 0.300005, -0.0, 0.99381, -0.111095, 0.0, 0.0, 0.0, 0.0, 1.0],
                [1.0, -0.0, -0.0, -0.0, 0.0, 0.302674, -0.953094, 0.300005, 0.0, 0.953094, 0.302674, 0.0, 0.0, 0.0, 0.0, 1.0],
                [1.0, 0.0, 0.0, 0.0, 0.0, 0.664122, -0.747624, 0.300005, 0.0, 0.747624, 0.664122, 0.0, 0.0, 0.0, 0.0, 1.0],
