{
    "animation": [
        {
            "name": "Root",
            "time": [0.0, 0.9],
            "transform": [
                [1.0, 0.0, -0.0, -0.035773, -0.0, 0.0, -1.0, 0.03841, 0.0, 1.0, 0.0, 0.480693, 0.0, 0.0, 0.0, 1.0],
                [-0.550912, -0.002805, -0.834558, -0.26885, -0.834562, 0.0, 0.550915, 0.826871, -0.001545, 0.999996, -0.002341, 0.360025, 0.0, 0.0, 0.0, 1.0]
            ]
        },
        {
            "name": "Thigh_R",
            "time": [0.0, 0.9],
            "transform": [
                [0.968488, 0.24897, -0.006642, 0.081629, 0.121183, -0.447765, 0.885901, 0.063807, 0.217588, -0.85879, -0.463826, -0.184429, 0.0, 0.0, 0.0, 1.0],
                [0.969415, -0.173886, -0.173196, 0.041101, 0.14315, -0.172606, 0.974533, 0.079691, -0.199353, -0.969521, -0.142435, -0.174441, 0.0, 0.0, 0.0, 1.0]
            ]
        },
        {
            "name": "Leg_R",
            "time": [0.0, 0.9],
            "transform": [
                [0.999201, -0.033435, -0.021894, 0.0, 0.03354, 0.403629, 0.914308, 0.374721, -0.021733, -0.914312, 0.404428, 0.0, 0.0, 0.0, 0.0, 1.0],
                [0.998847, -0.036187, -0.031541, 0.0, 0.036301, 0.139477, 0.98956, 0.374721, -0.03141, -0.989564, 0.14063, 0.0, 0.0, 0.0, 0.0, 1.0]
            ]
        },
        {
            "name": "Knee_R",
            "time": [0.0, 0.0167, 0.0333, 0.05, 0.0667, 0.0833, 0.1, 0.1167, 0.1333, 0.15, 0.1667, 0.1833, 0.2, 0.2167, 0.2333, 0.25, 0.9],
            "transform": [
                [1.0, -5.7e-05, 5.7e-05, -3e-06, 5.7e-05, 0.001565, -0.999999, 0.42866, 5.7e-05, 0.999999, 0.001565, -8.4e-05, 0.0, 0.0, 0.0, 1.0],
                [1.0, -5.7e-05, 5.7e-05, -4e-06, 5.7e-05, 0.001565, -0.999999, 0.440419, 5.7e-05, 0.999999, 0.001565, -0.000103, 0.0, 0.0, 0.0, 1.0],
                [1.0, -5.7e-05, 5.7e-05, -4e-06, 5.7e-05, 0.001565, -0.999999, 0.448427, 5.7e-05, 0.999999, 0.001565, -0.000115, 0.0, 0.0, 0.0, 1.0],
                [1.0, -5.7e-05, 5.7e-05, -5e-06, 5.7e-05, 0.001565, -0.999999, 0.454094, 5.7e-05, 0.999999, 0.001565, -0.000124, 0.0, 0.0, 0.0, 1.0],
                [1.0, -5.7e-05, 5.7e-05, -5e-06, 5.7e-05, 0.001565, -0.999999, 0.457558, 5.7e-05, 0.999999, 0.001565, -0.00013, 0.0, 0.0, 0.0, 1.0],
                [1.0, -5.7e-05, 5.7e-05, -5e-06, 5.7e-05, 0.001565, -0.999999, 0.458091, 5.7e-05, 0.999999, 0.001565, -0.000131, 0.0, 0.0, 0.0, 1.0],
                [1.0, -5.7e-05, 5.7e-05, -4e-06, 5.7e-05, 0.001565, -0.999998, 0.454591, 5.7e-05, 0.999999, 0.001565, -0.000125, 0.0, 0.0, 0.0, 1.0],
                [1.0, -5.7e-05, 5.7e-05, -5e-06, 5.7e-05, 0.001565, -0.999999, 0.456012, 5.7e-05, 0.999999, 0.001565, -0.000127, 0.0, 0.0, 0.0, 1.0],
                [1.0, -5.7e-05, 5.7e-05, -4e-06, 5.7e-05, 0.001565, -0.999999, 0.452597, 5.7e-05, 0.999999, 0.001565, -0.000122, 0.0, 0.0, 0.0, 1.0],
                [1.0, -5.7e-05, 5.7e-05, -5e-06, 5.7e-05, 0.001565, -0.999999, 0.464721, 5.7e-05, 0.999999, 0.001565, -0.000141, 0.0, 0.0, 0.0, 1.0],
                [1.0, -5.7e-05, 5.7e-05, -5e-06, 5.7e-05, 0.001565, -0.999999, 0.46472, 5.7e-05, 0.999999, 0.001565, -0.000141, 0.0, 0.0, 0.0, 1.0],
                [1.0, -5.7e-05, 5.7e-05, -5e-06, 5.7e-05, 0.001565, -0.999999, 0.46472, 5.7e-05, 0.999999, 0.001565, -0.000141, 0.0, 0.0, 0.0, 1.0],
                [1.0, -5.7e-05, 5.7e-05, -5e-06, 5.7e-05, 0.001565, -0.999999, 0.464721, 5.7e-05, 0.999999, 0.001565, -0.000141, 0.0, 0.0, 0.0, 1.0],
                [1.0, -5.7e-05, 5.7e-05, -5e-06, 5.7e-05, 0.001565, -0.999999, 0.46183, 5.7e-05, 0.999999, 0.001565, -0.000136, 0.0, 0.0, 0.0, 1.0],
                [1.0, -5.7e-05, 5.7e-05, -5e-06, 5.7e-05, 0.001565, -0.999999, 0.457169, 5.7e-05, 0.999999, 0.001565, -0.000129, 0.0, 0.0, 0.0, 1.0],
                [1.0, -5.7e-05, 5.7e-05, -4e-06, 5.7e-05, 0.001565, -0.999999, 0.452319, 5.7e-05, 0.999999, 0.001565, -0.000121, 0.0, 0.0, 0.0, 1.0],
                [1.0, -5.7e-05, 5.7e-05, -4e-06, 5.7e-05, 0.001565, -0.999999, 0.452319, 5.7e-05, 0.999999, 0.001565, -0.000121, 0.0, 0.0, 0.0, 1.0]
            ]
        },
        {
            "name": "Thigh_L",
            "time": [0.0, 0.9],
            "transform": [
                [0.359839, -0.473163, -0.804135, -0.058611, -0.678839, -0.724037, 0.122261, 0.082497, -0.640073, 0.501884, -0.581738, 0.10419, 0.0, 0.0, 0.0, 1.0],
                [-0.5255, -0.816849, -0.237923, -0.148624, -0.077945, -0.232249, 0.969528, 0.050522, -0.847216, 0.528032, 0.058378, 0.167335, 0.0, 0.0, 0.0, 1.0]
            ]
        },
        {
            "name": "Leg_L",
            "time": [0.0, 0.9],
            "transform": [
                [1.0, 0.0, 1e-06, 0.0, 0.0, 1.0, 0.000403, 0.374721, -1e-06, -0.000403, 1.0, 0.0, 0.0, 0.0, 0.0, 1.0],
                [1.0, 5.4e-05, 2.3e-05, -0.0, -5.5e-05, 0.70363, 0.710566, 0.374721, 2.2e-05, -0.710566, 0.703631, 0.0, 0.0, 0.0, 0.0, 1.0]
            ]
        },
        {
            "name": "Knee_L",
            "time": [0.0, 0.0167, 0.0333, 0.05, 0.0667, 0.0833, 0.1, 0.1167, 0.1333, 0.15, 0.1667, 0.1833, 0.2, 0.2167, 0.2333, 0.25, 0.9],
            "transform": [
                [1.0, 0.0, -0.0, 0.0, -0.0, 0.001565, -0.999999, 0.374721, -0.0, 0.999999, 0.001564, 0.0, 0.0, 0.0, 0.0, 1.0],
                [1.0, 0.0, -0.0, -0.0, -0.0, 0.001565, -0.999999, 0.423559, -0.0, 0.999999, 0.001565, -7.6e-05, 0.0, 0.0, 0.0, 1.0],
                [1.0, 0.0, -0.0, 0.0, -0.0, 0.001565, -0.999999, 0.456076, -0.0, 0.999999, 0.001565, -0.000127, 0.0, 0.0, 0.0, 1.0],
                [1.0, 0.0, -0.0, 0.0, -0.0, 0.001565, -0.999999, 0.464721, -0.0, 0.999999, 0.001565, -0.000141, 0.0, 0.0, 0.0, 1.0],
                [1.0, 0.0, -0.0, 0.0, -0.0, 0.001565, -0.999999, 0.46472, -0.0, 0.999999, 0.001565, -0.000141, 0.0, 0.0, 0.0, 1.0],
                [1.0, 0.0, -0.0, -0.0, -0.0, 0.001565, -0.999999, 0.46472, -0.0, 0.999999, 0.001565, -0.000141, 0.0, 0.0, 0.0, 1.0],
                [1.0, 0.0, -0.0, 0.0, -0.0, 0.001565, -0.999999, 0.459459, -0.0, 0.999999, 0.001565, -0.000133, 0.0, 0.0, 0.0, 1.0],
                [1.0, 0.0, -0.0, 0.0, -0.0, 0.001565, -0.999999, 0.433107, -0.0, 0.999999, 0.001565, -9.1e-05, 0.0, 0.0, 0.0, 1.0],
                [1.0, 0.0, -0.0, 0.0, -0.0, 0.001565, -0.999999, 0.38536, -0.0, 0.999999, 0.001565, -1.7e-05, 0.0, 0.0, 0.0, 1.0],
                [1.0, 0.0, -0.0, -0.0, -0.0, 0.001565, -0.999999, 0.386727, -0.0, 0.999999, 0.001565, -1.9e-05, 0.0, 0.0, 0.0, 1.0],
                [1.0, 0.0, -0.0, 0.0, -0.0, 0.001565, -0.999999, 0.394128, -0.0, 0.999999, 0.001565, -3e-05, 0.0, 0.0, 0.0, 1.0],
                [1.0, 0.0, -0.0, 0.0, -0.0, 0.001565, -0.999999, 0.400757, -0.0, 0.999999, 0.001565, -4.1e-05, 0.0, 0.0, 0.0, 1.0],
                [1.0, 0.0, -0.0, 0.0, -0.0, 0.001565, -0.999999, 0.400292, -0.0, 0.999999, 0.001565, -4e-05, 0.0, 0.0, 0.0, 1.0],
                [1.0, 0.0, -0.0, -0.0, -0.0, 0.001565, -0.999999, 0.399576, -0.0, 0.999999, 0.001565, -3.9e-05, 0.0, 0.0, 0.0, 1.0],
                [1.0, 0.0, -0.0, -0.0, -0.0, 0.001565, -0.999999, 0.398607, -0.0, 0.999999, 0.001565, -3.7e-05, 0.0, 0.0, 0.0, 1.0],
                [1.0, 0.0, -0.0, -0.0, -0.0, 0.001565, -0.999999, 0.397373, -0.0, 0.999999, 0.001565, -3.5e-05, 0.0, 0.0, 0.0, 1.0],
                [1.0, 0.0, -0.0, -0.0, -0.0, 0.001565, -0.999999, 0.397373, -0.0, 0.999999, 0.001565, -3.5e-05, 0.0, 0.0, 0.0, 1.0]
            ]
        },
        {
            "name": "Torso",
            "time": [0.0, 0.9],
            "transform": [
                [0.346936, 0.094514, 0.933115, 0.0, -0.110847, 0.992069, -0.059272, 0.05, -0.931316, -0.082869, 0.35466, -0.0, 0.0, 0.0, 0.0, 1.0],
                [0.774548, -0.101357, 0.624341, 0.0, 0.083878, 0.994819, 0.057444, 0.05, -0.626929, 0.007875, 0.779037, 0.0, 0.0, 0.0, 0.0, 1.0]
            ]
        },
        {
            "name": "Chest",
            "time": [0.0, 0.9],
            "transform": [
                [0.971383, 0.114067, 0.208334, 0.0, -0.182375, 0.92013, 0.346555, 0.300004, -0.152164, -0.374632, 0.914602, 0.0, 0.0, 0.0, 0.0, 1.0],
                [0.992446, -0.120263, -0.024234, -0.0, 0.122625, 0.978366, 0.166623, 0.300004, 0.003671, -0.168336, 0.985723, -0.0, 0.0, 0.0, 0.0, 1.0]
            ]
        },
        {
            "name": "Head",
            "time": [0.0, 0.0167, 0.0333, 0.05, 0.0667, 0.0833, 0.1, 0.1167, 0.1333, 0.15, 0.1667, 0.1833, 0.2, 0.2167, 0.2333, 0.25, 0.9],
            "transform": [
                [0.0704, 0.062533, -0.995557, 0.023129, -0.430597, 0.902164, 0.026218, 0.404828, 0.899795, 0.426838, 0.090439, -0.003167, 0.0, 0.0, 0.0, 1.0],
                [0.491218, 0.183881, -0.851406, 0.018206, -0.34759, 0.937644, 0.001964, 0.40457, 0.798677, 0.294976, 0.524503, -0.003713, 0.0, 0.0, 0.0, 1.0],
                [0.817304, 0.212623, -0.535542, 0.013283, -0.258074, 0.96607, -0.010301, 0.404313, 0.515181, 0.146628, 0.844446, -0.004259, 0.0, 0.0, 0.0, 1.0],
                [0.980551, 0.157792, -0.116714, 0.00836, -0.160969, 0.986791, -0.018257, 0.404056, 0.112292, 0.03669, 0.992998, -0.004805, 0.0, 0.0, 0.0, 1.0],
                [0.944311, 0.054449, 0.324518, 0.003437, -0.049275, 0.998493, -0.024149, 0.403798, -0.325343, 0.006814, 0.945571, -0.005351, 0.0, 0.0, 0.0, 1.0],
                [0.708543, -0.043845, 0.704304, -0.001486, 0.085191, 0.996083, -0.023695, 0.403541, -0.700506, 0.07679, 0.709503, -0.005898, 0.0, 0.0, 0.0, 1.0],
                [0.319128, -0.074598, 0.944771, -0.006409, 0.246712, 0.969065, -0.006819, 0.403283, -0.915036, 0.235262, 0.32766, -0.006444, 0.0, 0.0, 0.0, 1.0],
                [0.113305, -0.08664, 0.989775, -0.011331, 0.194552, 0.97884, 0.063411, 0.403026, -0.974326, 0.185378, 0.127764, -0.00699, 0.0, 0.0, 0.0, 1.0],
                [-0.091664, -0.118684, 0.988692, -0.016254, 0.109844, 0.985608, 0.128498, 0.402768, -0.989713, 0.12038, -0.077308, -0.007536, 0.0, 0.0, 0.0, 1.0],
                [0.216233, -0.049542, 0.975084, -0.021177, 0.037461, 0.998397, 0.042419, 0.402511, -0.975623, 0.027355, 0.217742, -0.008082, 0.0, 0.0, 0.0, 1.0],
                [0.221173, -0.068224, 0.972845, -0.021177, 0.019669, 0.997659, 0.065492, 0.402511, -0.975036, 0.00465, 0.221997, -0.008082, 0.0, 0.0, 0.0, 1.0],
                [0.226814, -0.086565, 0.970084, -0.021177, 0.002078, 0.996083, 0.088399, 0.402511, -0.973936, -0.018034, 0.226105, -0.008082, 0.0, 0.0, 0.0, 1.0],
                [0.226328, -0.082545, 0.970547, -0.021177, 0.005763, 0.996499, 0.083409, 0.402511, -0.974034, -0.013285, 0.226012, -0.008082, 0.0, 0.0, 0.0, 1.0],
                [0.225869, -0.078455, 0.970993, -0.021177, 0.009507, 0.996882, 0.078335, 0.402511, -0.974111, -0.008462, 0.225911, -0.008082, 0.0, 0.0, 0.0, 1.0],
                [0.225438, -0.074293, 0.971421, -0.021177, 0.013312, 0.99723, 0.073178, 0.402511, -0.974167, -0.003566, 0.225803, -0.008082, 0.0, 0.0, 0.0, 1.0],
                [0.225036, -0.070058, 0.971829, -0.021177, 0.017177, 0.997542, 0.067934, 0.402511, -0.974199, 0.001406, 0.225686, -0.008082, 0.0, 0.0, 0.0, 1.0],
                [0.225036, -0.070058, 0.971829, -0.021177, 0.017177, 0.997542, 0.067934, 0.402511, -0.974199, 0.001406, 0.225686, -0.008082, 0.0, 0.0, 0.0, 1.0]
            ]
        },
        {
            "name": "Shoulder_R",
            "time": [0.0, 0.0167, 0.0333, 0.05, 0.0667, 0.0833, 0.1, 0.1167, 0.1333, 0.15, 0.1667, 0.1833, 0.2, 0.2167, 0.2333, 0.25, 0.9],
            "transform": [
                [-0.0, 0.952114, 0.305743, -0.09573, -0.003712, -0.305741, 0.952107, 0.380682, 0.999993, -0.001135, 0.003534, 0.020095, 0.0, 0.0, 0.0, 1.0],
                [-0.0, 0.952114, 0.305743, -0.106213, -0.003712, -0.305741, 0.952107, 0.38442, 0.999993, -0.001135, 0.003534, 0.018004, 0.0, 0.0, 0.0, 1.0],
                [-0.0, 0.952114, 0.305743, -0.116695, -0.003712, -0.305741, 0.952107, 0.388158, 0.999993, -0.001135, 0.003534, 0.015914, 0.0, 0.0, 0.0, 1.0],
                [-0.0, 0.952114, 0.305743, -0.127178, -0.003712, -0.305741, 0.952107, 0.391896, 0.999993, -0.001135, 0.003534, 0.013824, 0.0, 0.0, 0.0, 1.0],
                [-0.0, 0.952114, 0.305743, -0.13766, -0.003712, -0.305741, 0.952107, 0.395633, 0.999993, -0.001135, 0.003534, 0.011733, 0.0, 0.0, 0.0, 1.0],
                [-0.0, 0.952114, 0.305743, -0.148143, -0.003712, -0.305741, 0.952107, 0.399371, 0.999993, -0.001135, 0.003534, 0.009643, 0.0, 0.0, 0.0, 1.0],
                [-0.0, 0.952114, 0.305743, -0.158625, -0.003712, -0.305741, 0.952107, 0.403109, 0.999993, -0.001135, 0.003534, 0.007552, 0.0, 0.0, 0.0, 1.0],
                [-0.0, 0.952114, 0.305743, -0.138605, -0.003712, -0.305741, 0.952107, 0.411492, 0.999993, -0.001135, 0.003534, 0.009165, 0.0, 0.0, 0.0, 1.0],
                [-0.0, 0.952114, 0.305743, -0.118584, -0.003712, -0.305741, 0.952107, 0.419876, 0.999993, -0.001135, 0.003534, 0.010776, 0.0, 0.0, 0.0, 1.0],
                [-0.0, 0.952114, 0.305743, -0.098564, -0.003712, -0.305741, 0.952107, 0.428259, 0.999993, -0.001135, 0.003534, 0.012388, 0.0, 0.0, 0.0, 1.0],
                [-0.0, 0.952114, 0.305743, -0.100614, -0.003712, -0.305741, 0.952107, 0.418751, 0.999993, -0.001135, 0.003534, 0.01022, 0.0, 0.0, 0.0, 1.0],
                [-0.0, 0.952114, 0.305743, -0.102664, -0.003712, -0.305741, 0.952107, 0.409244, 0.999993, -0.001135, 0.003534, 0.008051, 0.0, 0.0, 0.0, 1.0],
                [-0.0, 0.952114, 0.305743, -0.101708, -0.003712, -0.305741, 0.952107, 0.413677, 0.999993, -0.001135, 0.003534, 0.009062, 0.0, 0.0, 0.0, 1.0],
                [-0.0, 0.952114, 0.305743, -0.100752, -0.003712, -0.305741, 0.952107, 0.41811, 0.999993, -0.001135, 0.003534, 0.010074, 0.0, 0.0, 0.0, 1.0],
                [-0.0, 0.952114, 0.305743, -0.099797, -0.003712, -0.305741, 0.952107, 0.422543, 0.999993, -0.001135, 0.003534, 0.011085, 0.0, 0.0, 0.0, 1.0],
                [-0.0, 0.952114, 0.305743, -0.098841, -0.003712, -0.305741, 0.952107, 0.426976, 0.999993, -0.001135, 0.003534, 0.012096, 0.0, 0.0, 0.0, 1.0],
                [-0.0, 0.952114, 0.305743, -0.098841, -0.003712, -0.305741, 0.952107, 0.426976, 0.999993, -0.001135, 0.003534, 0.012096, 0.0, 0.0, 0.0, 1.0]
            ]
        },
        {
            "name": "Arm_R",
            "time": [0.0, 0.9],
            "transform": [
                [0.981974, 0.100043, 0.160367, -0.0, 0.004217, 0.836634, -0.547746, 0.39386, -0.188966, 0.538549, 0.821131, 0.0, 0.0, 0.0, 0.0, 1.0],
                [0.996545, -0.00687, -0.082769, 0.0, -0.036163, 0.86125, -0.506892, 0.39386, 0.074767, 0.508134, 0.858026, -0.0, 0.0, 0.0, 0.0, 1.0]
            ]
        },
        {
            "name": "Hand_R",
            "time": [0.0, 0.9],
            "transform": [
                [1.0, 0.0, -0.0, 0.0, 0.0, 0.977546, -0.210724, 0.300005, 0.0, 0.210724, 0.977546, -0.0, 0.0, 0.0, 0.0, 1.0],
                [1.0, -0.0, -0.0, -0.0, -0.0, 0.942921, -0.333018, 0.300005, -0.0, 0.333018, 0.942921, -0.0, 0.0, 0.0, 0.0, 1.0]
            ]
        },
        {
            "name": "Tool_R",
            "time": [0.0, 0.0167, 0.0333, 0.05, 0.0667, 0.0833, 0.1, 0.1167, 0.1333, 0.15, 0.1667, 0.1833, 0.2, 0.2167, 0.2333, 0.25, 0.9],
            "transform": [
                [0.984496, 0.075354, -0.158394, 9e-06, -0.174476, 0.327898, -0.928462, 0.271229, -0.018026, 0.941703, 0.335962, 0.001151, 0.0, 0.0, 0.0, 1.0],
                [0.99701, 0.04245, -0.064565, 9e-06, -0.074824, 0.321839, -0.943833, 0.271229, -0.019286, 0.945842, 0.324053, 0.001151, 0.0, 0.0, 0.0, 1.0],
                [0.998576, 0.031837, 0.042805, 9e-06, 0.031456, 0.296653, -0.954467, 0.271229, -0.043085, 0.954454, 0.295229, 0.001151, 0.0, 0.0, 0.0, 1.0],
                [0.987001, 0.048884, 0.1531, 9e-06, 0.135267, 0.261739, -0.955612, 0.271229, -0.086787, 0.9639, 0.251724, 0.001151, 0.0, 0.0, 0.0, 1.0],
                [0.962883, 0.093208, 0.253316, 9e-06, 0.226908, 0.228749, -0.946671, 0.271229, -0.146183, 0.969013, 0.199109, 0.001151, 0.0, 0.0, 0.0, 1.0],
                [0.929648, 0.158273, 0.332723, 9e-06, 0.298054, 0.207838, -0.931648, 0.271229, -0.216607, 0.965273, 0.146042, 0.001151, 0.0, 0.0, 0.0, 1.0],
                [0.892132, 0.234165, 0.386351, 9e-06, 0.343239, 0.204726, -0.916665, 0.271229, -0.293747, 0.950396, 0.102268, 0.001151, 0.0, 0.0, 0.0, 1.0],
                [0.407618, 0.671309, 0.619024, 9e-06, 0.619764, 0.294471, -0.727448, 0.271229, -0.670627, 0.680169, -0.296022, 0.001151, 0.0, 0.0, 0.0, 1.0],
                [-0.238573, 0.85863, 0.453692, 9e-06, 0.703869, 0.474757, -0.528368, 0.271229, -0.669067, 0.193286, -0.717628, 0.001151, 0.0, 0.0, 0.0, 1.0],
                [-0.920928, 0.291946, 0.258183, 9e-06, 0.380566, 0.53081, 0.757239, 0.271229, 0.084026, 0.795618, -0.599943, 0.00115, 0.0, 0.0, 0.0, 1.0],
                [-0.913753, 0.298164, 0.275959, 9e-06, 0.40095, 0.552274, 0.730912, 0.271229, 0.065526, 0.778519, -0.624191, 0.001151, 0.0, 0.0, 0.0, 1.0],
                [-0.906445, 0.303114, 0.294074, 9e-06, 0.419952, 0.573222, 0.703602, 0.271229, 0.044702, 0.761274, -0.646888, 0.001151, 0.0, 0.0, 0.0, 1.0],
                [-0.897436, 0.298973, 0.324381, 9e-06, 0.440677, 0.573758, 0.690366, 0.271229, 0.020284, 0.762507, -0.646662, 0.00115, 0.0, 0.0, 0.0, 1.0],
                [-0.88741, 0.294816, 0.354383, 9e-06, 0.460963, 0.5744, 0.676445, 0.271229, -0.004131, 0.763642, -0.645627, 0.001151, 0.0, 0.0, 0.0, 1.0],
                [-0.876381, 0.29065, 0.38403, 9e-06, 0.480775, 0.575146, 0.661863, 0.271229, -0.028503, 0.764676, -0.643784, 0.001151, 0.0, 0.0, 0.0, 1.0],
                [-0.864368, 0.286483, 0.413273, 9e-06, 0.50008, 0.575995, 0.646644, 0.27123, -0.052791, 0.765609, -0.641137, 0.001151, 0.0, 0.0, 0.0, 1.0],
                [-0.864368, 0.286483, 0.413273, 9e-06, 0.50008, 0.575995, 0.646644, 0.27123, -0.052791, 0.765609, -0.641137, 0.001151, 0.0, 0.0, 0.0, 1.0]
            ]
        },
        {
            "name": "Elbow_R",
            "time": [0.0, 0.0167, 0.0333, 0.05, 0.0667, 0.0833, 0.1, 0.1167, 0.1333, 0.15, 0.1667, 0.1833, 0.2, 0.2167, 0.2333, 0.25, 0.9],
            "transform": [
                [-1.0, 0.0, -0.0, 0.0, 0.0, 0.005597, -0.999984, 0.316275, -0.0, -0.999984, -0.005597, 9.1e-05, 0.0, 0.0, 0.0, 1.0],
                [-1.0, 0.0, -0.0, -0.0, 0.0, 0.005597, -0.999984, 0.334436, -0.0, -0.999984, -0.005597, 0.000193, 0.0, 0.0, 0.0, 1.0],
                [-1.0, 0.0, -0.0, -0.0, 0.0, 0.005597, -0.999984, 0.352597, -0.0, -0.999984, -0.005597, 0.000295, 0.0, 0.0, 0.0, 1.0],
                [-1.0, 0.0, -0.0, 0.0, 0.0, 0.005597, -0.999984, 0.370757, -0.0, -0.999984, -0.005597, 0.000396, 0.0, 0.0, 0.0, 1.0],
                [-1.0, 0.0, -0.0, 0.0, 0.0, 0.005597, -0.999984, 0.388918, -0.0, -0.999984, -0.005597, 0.000498, 0.0, 0.0, 0.0, 1.0],
                [-1.0, 0.0, -0.0, 0.0, 0.0, 0.005597, -0.999984, 0.407079, -0.0, -0.999984, -0.005597, 0.000599, 0.0, 0.0, 0.0, 1.0],
                [-1.0, 0.0, -0.0, -0.0, 0.0, 0.005597, -0.999984, 0.42524, -0.0, -0.999984, -0.005597, 0.000701, 0.0, 0.0, 0.0, 1.0],
                [-1.0, 0.0, -0.0, 0.0, 0.0, 0.005597, -0.999984, 0.430003, -0.0, -0.999984, -0.005597, 0.000728, 0.0, 0.0, 0.0, 1.0],
                [-1.0, 0.0, -0.0, -0.0, 0.0, 0.005597, -0.999984, 0.430003, -0.0, -0.999984, -0.005597, 0.000728, 0.0, 0.0, 0.0, 1.0],
                [-1.0, 0.0, -0.0, -0.0, 0.0, 0.005597, -0.999984, 0.31077, -0.0, -0.999984, -0.005597, 6e-05, 0.0, 0.0, 0.0, 1.0],
                [-1.0, 0.0, -0.0, 0.0, 0.0, 0.005597, -0.999984, 0.318785, -0.0, -0.999984, -0.005597, 0.000105, 0.0, 0.0, 0.0, 1.0],
                [-1.0, 0.0, -0.0, -0.0, 0.0, 0.005597, -0.999984, 0.326801, -0.0, -0.999984, -0.005597, 0.00015, 0.0, 0.0, 0.0, 1.0],
                [-1.0, 0.0, -0.0, 0.0, 0.0, 0.005597, -0.999984, 0.326801, -0.0, -0.999984, -0.005597, 0.00015, 0.0, 0.0, 0.0, 1.0],
                [-1.0, 0.0, -0.0, 0.0, 0.0, 0.005597, -0.999984, 0.326801, -0.0, -0.999984, -0.005597, 0.00015, 0.0, 0.0, 0.0, 1.0],
                [-1.0, 0.0, -0.0, -0.0, 0.0, 0.005597, -0.999984, 0.326801, -0.0, -0.999984, -0.005597, 0.00015, 0.0, 0.0, 0.0, 1.0],
                [-1.0, 0.0, -0.0, -0.0, 0.0, 0.005597, -0.999984, 0.326801, -0.0, -0.999984, -0.005597, 0.00015, 0.0, 0.0, 0.0, 1.0],
                [-1.0, 0.0, -0.0, -0.0, 0.0, 0.005597, -0.999984, 0.326801, -0.0, -0.999984, -0.005597, 0.00015, 0.0, 0.0, 0.0, 1.0]
            ]
        },
        {
            "name": "Shoulder_L",
            "time": [0.0, 0.0167, 0.0333, 0.05, 0.0667, 0.0833, 0.1, 0.1167, 0.1333, 0.15, 0.1667, 0.1833, 0.2, 0.2167, 0.2333, 0.25, 0.9],
            "transform": [
                [0.0, -0.952114, -0.305743, 0.172558, 0.003712, -0.305741, 0.952107, 0.384988, -0.999993, -0.001135, 0.003534, 0.031409, 0.0, 0.0, 0.0, 1.0],
                [0.0, -0.952114, -0.305743, 0.1657, 0.003712, -0.305741, 0.952107, 0.384136, -0.999993, -0.001135, 0.003534, 0.028529, 0.0, 0.0, 0.0, 1.0],
                [0.0, -0.952114, -0.305743, 0.158843, 0.003712, -0.305741, 0.952107, 0.383284, -0.999993, -0.001135, 0.003534, 0.025648, 0.0, 0.0, 0.0, 1.0],
                [0.0, -0.952114, -0.305743, 0.151985, 0.003712, -0.305741, 0.952107, 0.382431, -0.999993, -0.001135, 0.003534, 0.022768, 0.0, 0.0, 0.0, 1.0],
                [0.0, -0.952114, -0.305743, 0.145128, 0.003712, -0.305741, 0.952107, 0.381579, -0.999993, -0.001135, 0.003534, 0.019887, 0.0, 0.0, 0.0, 1.0],
                [0.0, -0.952114, -0.305743, 0.13827, 0.003712, -0.305741, 0.952107, 0.380727, -0.999993, -0.001135, 0.003534, 0.017006, 0.0, 0.0, 0.0, 1.0],
                [0.0, -0.952114, -0.305743, 0.131413, 0.003712, -0.305741, 0.952107, 0.379874, -0.999993, -0.001135, 0.003534, 0.014126, 0.0, 0.0, 0.0, 1.0],
                [0.0, -0.952114, -0.305743, 0.124555, 0.003712, -0.305741, 0.952107, 0.379022, -0.999993, -0.001135, 0.003534, 0.011245, 0.0, 0.0, 0.0, 1.0],
                [0.0, -0.952114, -0.305743, 0.117698, 0.003712, -0.305741, 0.952107, 0.37817, -0.999993, -0.001135, 0.003534, 0.008364, 0.0, 0.0, 0.0, 1.0],
                [0.0, -0.952114, -0.305743, 0.11084, 0.003712, -0.305741, 0.952107, 0.377317, -0.999993, -0.001135, 0.003534, 0.005484, 0.0, 0.0, 0.0, 1.0],
                [0.0, -0.952114, -0.305743, 0.110318, 0.003712, -0.305741, 0.952107, 0.374896, -0.999993, -0.001135, 0.003534, 0.004931, 0.0, 0.0, 0.0, 1.0],
                [0.0, -0.952114, -0.305743, 0.109796, 0.003712, -0.305741, 0.952107, 0.372475, -0.999993, -0.001135, 0.003534, 0.004379, 0.0, 0.0, 0.0, 1.0],
                [0.0, -0.952114, -0.305743, 0.108714, 0.003712, -0.305741, 0.952107, 0.375847, -0.999993, -0.001135, 0.003534, 0.004026, 0.0, 0.0, 0.0, 1.0],
                [0.0, -0.952114, -0.305743, 0.107631, 0.003712, -0.305741, 0.952107, 0.37922, -0.999993, -0.001135, 0.003534, 0.003673, 0.0, 0.0, 0.0, 1.0],
                [0.0, -0.952114, -0.305743, 0.106548, 0.003712, -0.305741, 0.952107, 0.382593, -0.999993, -0.001135, 0.003534, 0.00332, 0.0, 0.0, 0.0, 1.0],
                [0.0, -0.952114, -0.305743, 0.105466, 0.003712, -0.305741, 0.952107, 0.385966, -0.999993, -0.001135, 0.003534, 0.002967, 0.0, 0.0, 0.0, 1.0],
                [0.0, -0.952114, -0.305743, 0.105466, 0.003712, -0.305741, 0.952107, 0.385966, -0.999993, -0.001135, 0.003534, 0.002967, 0.0, 0.0, 0.0, 1.0]
            ]
        },
        {
            "name": "Arm_L",
            "time": [0.0, 0.9],
            "transform": [
                [-0.091113, 0.967535, -0.235742, 0.0, 0.463243, -0.168375, -0.87009, 0.39386, -0.881535, -0.188482, -0.432862, 0.0, 0.0, 0.0, 0.0, 1.0],
                [0.989145, 0.14025, -0.043835, 0.0, -0.146916, 0.949375, -0.277673, 0.39386, 0.002672, 0.281099, 0.959675, 0.0, 0.0, 0.0, 0.0, 1.0]
            ]
        },
        {
            "name": "Hand_L",
            "time": [0.0, 0.9],
            "transform": [
                [0.998724, -0.047612, -0.016814, -0.0, -0.011939, 0.100898, -0.994825, 0.300005, 0.049062, 0.993757, 0.1002, -0.0, 0.0, 0.0, 0.0, 1.0],
                [0.998723, -0.047616, -0.016862, -0.0, 0.041086, 0.959923, -0.277237, 0.300005, 0.029387, 0.27619, 0.960654, -0.0, 0.0, 0.0, 0.0, 1.0]
            ]
        },
        {
            "name": "Tool_L",
            "time": [0.0, 0.0167, 0.0333, 0.05, 0.0667, 0.0833, 0.1, 0.1167, 0.1333, 0.15, 0.1667, 0.1833, 0.2, 0.2167, 0.2333, 0.25, 0.9],
            "transform": [
                [1.0, -0.0, -0.0, -9e-06, 0.0, -0.999994, -0.003302, 0.271229, -0.0, 0.003302, -0.999994, 0.001151, 0.0, 0.0, 0.0, 1.0],
                [1.0, -0.0, -0.0, -9e-06, 0.0, -0.999994, -0.003302, 0.271229, -0.0, 0.003302, -0.999994, 0.001151, 0.0, 0.0, 0.0, 1.0],
                [1.0, 0.0, -0.0, -9e-06, 0.0, -0.999994, -0.003302, 0.271229, -0.0, 0.003302, -0.999994, 0.001151, 0.0, 0.0, 0.0, 1.0],
                [1.0, 0.0, -0.0, -9e-06, 0.0, -0.999995, -0.003302, 0.271229, -0.0, 0.003302, -0.999995, 0.001151, 0.0, 0.0, 0.0, 1.0],
                [1.0, 0.0, -0.0, -9e-06, -0.0, -0.999995, -0.003302, 0.271229, -0.0, 0.003302, -0.999994, 0.001151, 0.0, 0.0, 0.0, 1.0],
                [1.0, -0.0, -0.0, -9e-06, 0.0, -0.999994, -0.003302, 0.271229, -0.0, 0.003302, -0.999994, 0.001151, 0.0, 0.0, 0.0, 1.0],
                [1.0, -0.0, -0.0, -9e-06, 0.0, -0.999994, -0.003302, 0.271229, -0.0, 0.003302, -0.999994, 0.001151, 0.0, 0.0, 0.0, 1.0],
                [1.0, 0.0, -0.0, -9e-06, -0.0, -0.999995, -0.003302, 0.271229, -0.0, 0.003302, -0.999995, 0.001151, 0.0, 0.0, 0.0, 1.0],
                [1.0, 0.0, -0.0, -9e-06, -0.0, -0.999995, -0.003302, 0.271229, -0.0, 0.003302, -0.999995, 0.001151, 0.0, 0.0, 0.0, 1.0],
                [1.0, 0.0, -0.0, -9e-06, -0.0, -0.999995, -0.003302, 0.271229, -0.0, 0.003302, -0.999995, 0.001151, 0.0, 0.0, 0.0, 1.0],
                [1.0, -0.0, -0.0, -9e-06, 0.0, -0.999994, -0.003302, 0.271229, -0.0, 0.003302, -0.999995, 0.001151, 0.0, 0.0, 0.0, 1.0],
                [1.0, -0.0, -0.0, -9e-06, -0.0, -0.999994, -0.003302, 0.271229, -0.0, 0.003302, -0.999994, 0.001151, 0.0, 0.0, 0.0, 1.0],
                [1.0, 0.0, -0.0, -9e-06, 0.0, -0.999995, -0.003302, 0.271229, -0.0, 0.003302, -0.999995, 0.001151, 0.0, 0.0, 0.0, 1.0],
                [1.0, 0.0, -0.0, -9e-06, 0.0, -0.999995, -0.003302, 0.271229, -0.0, 0.003302, -0.999995, 0.001151, 0.0, 0.0, 0.0, 1.0],
                [1.0, -0.0, -0.0, -9e-06, 0.0, -0.999995, -0.003302, 0.271229, -0.0, 0.003302, -0.999995, 0.001151, 0.0, 0.0, 0.0, 1.0],
                [1.0, 0.0, -0.0, -9e-06, -0.0, -0.999995, -0.003302, 0.271229, -0.0, 0.003302, -0.999995, 0.001151, 0.0, 0.0, 0.0, 1.0],
                [1.0, 0.0, -0.0, -9e-06, -0.0, -0.999995, -0.003302, 0.271229, -0.0, 0.003302, -0.999995, 0.001151, 0.0, 0.0, 0.0, 1.0]
            ]
        },
        {
            "name": "Elbow_L",
            "time": [0.0, 0.0167, 0.0333, 0.05, 0.0667, 0.0833, 0.1, 0.1167, 0.1333, 0.15, 0.1667, 0.1833, 0.2, 0.2167, 0.2333, 0.25, 0.9],
            "transform": [
                [-1.0, 3e-05, 3e-05, -4e-06, -3e-05, 0.005597, -0.999984, 0.420394, -3e-05, -0.999985, -0.005597, 0.000674, 0.0, 0.0, 0.0, 1.0],
                [-1.0, 3e-05, 3e-05, -3e-06, -3e-05, 0.005597, -0.999984, 0.401209, -3e-05, -0.999985, -0.005597, 0.000567, 0.0, 0.0, 0.0, 1.0],
                [-1.0, 3e-05, 3e-05, -3e-06, -3e-05, 0.005597, -0.999984, 0.382024, -3e-05, -0.999985, -0.005597, 0.000459, 0.0, 0.0, 0.0, 1.0],
                [-1.0, 3e-05, 3e-05, -2e-06, -3e-05, 0.005597, -0.999984, 0.36284, -3e-05, -0.999985, -0.005597, 0.000352, 0.0, 0.0, 0.0, 1.0],
                [-1.0, 3e-05, 3e-05, -2e-06, -3e-05, 0.005597, -0.999984, 0.384429, -3e-05, -0.999984, -0.005597, 0.000473, 0.0, 0.0, 0.0, 1.0],
                [-1.0, 3e-05, 3e-05, -3e-06, -3e-05, 0.005597, -0.999984, 0.406017, -3e-05, -0.999985, -0.005597, 0.000593, 0.0, 0.0, 0.0, 1.0],
                [-1.0, 3e-05, 3e-05, -4e-06, -3e-05, 0.005597, -0.999985, 0.427606, -3e-05, -0.999985, -0.005597, 0.000714, 0.0, 0.0, 0.0, 1.0],
                [-1.0, 3e-05, 3e-05, -4e-06, -3e-05, 0.005597, -0.999984, 0.430003, -3e-05, -0.999985, -0.005597, 0.000728, 0.0, 0.0, 0.0, 1.0],
                [-1.0, 3e-05, 3e-05, -4e-06, -3e-05, 0.005597, -0.999984, 0.430003, -3e-05, -0.999985, -0.005597, 0.000728, 0.0, 0.0, 0.0, 1.0],
                [-1.0, 3e-05, 3e-05, -0.0, -3e-05, 0.005597, -0.999984, 0.310293, -3e-05, -0.999985, -0.005597, 5.7e-05, 0.0, 0.0, 0.0, 1.0],
                [-1.0, 3e-05, 3e-05, -1e-06, -3e-05, 0.005597, -0.999984, 0.318952, -3e-05, -0.999985, -0.005597, 0.000106, 0.0, 0.0, 0.0, 1.0],
                [-1.0, 3e-05, 3e-05, -1e-06, -3e-05, 0.005597, -0.999984, 0.327612, -3e-05, -0.999984, -0.005597, 0.000154, 0.0, 0.0, 0.0, 1.0],
                [-1.0, 3e-05, 3e-05, -1e-06, -3e-05, 0.005597, -0.999984, 0.326197, -3e-05, -0.999984, -0.005597, 0.000147, 0.0, 0.0, 0.0, 1.0],
                [-1.0, 3e-05, 3e-05, -1e-06, -3e-05, 0.005597, -0.999984, 0.324784, -3e-05, -0.999984, -0.005597, 0.000139, 0.0, 0.0, 0.0, 1.0],
                [-1.0, 3e-05, 3e-05, -1e-06, -3e-05, 0.005597, -0.999984, 0.32337, -3e-05, -0.999984, -0.005597, 0.000131, 0.0, 0.0, 0.0, 1.0],
                [-1.0, 3e-05, 3e-05, -1e-06, -3e-05, 0.005597, -0.999984, 0.321956, -3e-05, -0.999984, -0.005597, 0.000123, 0.0, 0.0, 0.0, 1.0],
                [-1.0, 3e-05, 3e-05, -1e-06, -3e-05, 0.005597, -0.999984, 0.321956, -3e-05, -0.999984, -0.005597, 0.000123, 0.0, 0.0, 0.0, 1.0]
            ]
        },
        {
            "name": "IKThigh_R",
            "time": [0.0, 0.0167, 0.0333, 0.05, 0.0667, 0.0833, 0.1, 0.1167, 0.1333, 0.15, 0.1667, 0.1833, 0.2, 0.2167, 0.2333, 0.25, 0.9],
            "transform": [
                [0.968488, 0.24897, -0.006642, 0.081629, 0.121183, -0.447765, 0.885901, 0.063807, 0.217588, -0.85879, -0.463826, -0.184429, 0.0, 0.0, 0.0, 1.0],
                [0.998146, 0.059406, 0.013239, 0.072518, 0.012986, -0.420374, 0.907258, 0.063808, 0.059461, -0.905404, -0.420366, -0.177836, 0.0, 0.0, 0.0, 1.0],
                [0.991325, -0.131076, -0.009705, 0.063408, -0.043614, -0.397707, 0.916475, 0.063807, -0.123988, -0.908101, -0.399973, -0.171242, 0.0, 0.0, 0.0, 1.0],
                [0.942795, -0.325174, -0.073475, 0.054297, -0.052448, -0.362333, 0.930572, 0.063807, -0.32922, -0.873485, -0.358661, -0.164649, 0.0, 0.0, 0.0, 1.0],
                [0.841693, -0.518663, -0.150141, 0.045186, -0.020876, -0.309112, 0.950796, 0.063807, -0.539553, -0.797144, -0.271005, -0.158055, 0.0, 0.0, 0.0, 1.0],
                [0.68212, -0.700823, -0.208705, 0.036075, 0.045501, -0.244181, 0.968662, 0.063807, -0.729822, -0.67024, -0.134673, -0.151462, 0.0, 0.0, 0.0, 1.0],
                [0.46931, -0.853146, -0.227794, 0.026964, 0.14089, -0.182317, 0.973093, 0.063807, -0.871721, -0.488776, 0.034636, -0.144869, 0.0, 0.0, 0.0, 1.0],
                [0.536225, -0.819194, -0.203432, 0.027091, 0.158446, -0.139037, 0.977529, 0.063807, -0.82907, -0.556409, 0.055243, -0.145032, 0.0, 0.0, 0.0, 1.0],
                [0.612715, -0.77199, -0.169149, 0.027218, 0.152364, -0.094625, 0.983784, 0.063807, -0.775477, -0.628551, 0.059646, -0.145195, 0.0, 0.0, 0.0, 1.0],
                [0.980175, -0.189381, -0.058232, 0.041101, 0.04584, -0.06917, 0.996551, 0.079691, -0.192756, -0.979464, -0.059118, -0.174441, 0.0, 0.0, 0.0, 1.0],
                [0.976099, -0.202213, -0.079625, 0.041101, 0.07311, -0.039496, 0.996541, 0.079691, -0.204658, -0.978545, -0.023769, -0.174441, 0.0, 0.0, 0.0, 1.0],
                [0.971119, -0.215931, -0.101491, 0.041101, 0.101597, -0.010639, 0.994769, 0.079691, -0.215881, -0.976351, 0.011605, -0.174441, 0.0, 0.0, 0.0, 1.0],
                [0.970869, -0.20668, -0.12123, 0.041101, 0.11305, -0.050984, 0.99228, 0.079691, -0.211265, -0.977079, -0.026134, -0.174441, 0.0, 0.0, 0.0, 1.0],
                [0.970485, -0.196557, -0.139729, 0.041101, 0.123758, -0.091373, 0.988096, 0.079691, -0.206985, -0.976226, -0.064351, -0.174441, 0.0, 0.0, 0.0, 1.0],
                [0.969992, -0.185604, -0.157053, 0.041101, 0.133775, -0.131969, 0.982185, 0.079691, -0.203023, -0.973723, -0.10318, -0.174441, 0.0, 0.0, 0.0, 1.0],
                [0.969415, -0.173886, -0.173196, 0.041101, 0.14315, -0.172606, 0.974533, 0.079691, -0.199353, -0.969521, -0.142435, -0.174441, 0.0, 0.0, 0.0, 1.0],
                [0.969415, -0.173886, -0.173196, 0.041101, 0.14315, -0.172606, 0.974533, 0.079691, -0.199353, -0.969521, -0.142435, -0.174441, 0.0, 0.0, 0.0, 1.0]
            ]
        },
        {
            "name": "IKLeg_R",
            "time": [0.0, 0.0167, 0.0333, 0.05, 0.0667, 0.0833, 0.1, 0.1167, 0.1333, 0.15, 0.1667, 0.1833, 0.2, 0.2167, 0.2333, 0.25, 0.9],
            "transform": [
                [0.999201, -0.033435, -0.021894, 0.0, 0.03354, 0.403629, 0.914308, 0.374721, -0.021733, -0.914312, 0.404428, 0.0, 0.0, 0.0, 0.0, 1.0],
                [0.999029, -0.035136, -0.026594, 0.0, 0.035246, 0.274931, 0.960818, 0.374721, -0.026447, -0.960822, 0.275902, -0.0, 0.0, 0.0, 0.0, 1.0],
                [0.998907, -0.03592, -0.029909, 0.0, 0.036033, 0.184197, 0.982229, 0.374721, -0.029773, -0.982233, 0.18529, 0.0, 0.0, 0.0, 0.0, 1.0],
                [0.99882, -0.036285, -0.03229, -0.0, 0.036399, 0.118974, 0.99223, 0.374721, -0.032161, -0.992234, 0.120155, -0.0, 0.0, 0.0, 0.0, 1.0],
                [0.998766, -0.036431, -0.033756, -0.0, 0.036545, 0.07884, 0.996217, 0.374721, -0.033632, -0.996222, 0.080074, -0.0, 0.0, 0.0, 0.0, 1.0],
                [0.998757, -0.036449, -0.033983, 0.0, 0.036564, 0.072654, 0.996687, 0.374721, -0.03386, -0.996691, 0.073897, -0.0, 0.0, 0.0, 0.0, 1.0],
                [0.998812, -0.036308, -0.032499, -0.0, 0.036423, 0.113237, 0.9929, 0.374721, -0.032371, -0.992904, 0.114425, -0.0, 0.0, 0.0, 0.0, 1.0],
                [0.99879, -0.036369, -0.033097, -0.0, 0.036484, 0.096778, 0.994637, 0.374721, -0.032971, -0.994641, 0.097988, 0.0, 0.0, 0.0, 0.0, 1.0],
                [0.998843, -0.036202, -0.031658, 0.0, 0.036317, 0.136271, 0.990006, 0.374721, -0.031527, -0.99001, 0.137428, -0.0, 0.0, 0.0, 0.0, 1.0],
                [0.998629, -0.036535, -0.03749, 0.0, 0.036649, -0.023413, 0.999054, 0.374721, -0.037378, -0.999058, -0.022042, 0.0, 0.0, 0.0, 0.0, 1.0],
                [0.998595, -0.036501, -0.038409, -0.0, 0.036616, -0.048582, 0.998148, 0.374721, -0.0383, -0.998153, -0.047177, 0.0, 0.0, 0.0, 0.0, 1.0],
                [0.998563, -0.036448, -0.039285, 0.0, 0.036563, -0.072574, 0.996692, 0.374721, -0.039179, -0.996697, -0.071137, 0.0, 0.0, 0.0, 0.0, 1.0],
                [0.99863, -0.036535, -0.037466, 0.0, 0.03665, -0.022744, 0.999069, 0.374721, -0.037353, -0.999074, -0.021373, 0.0, 0.0, 0.0, 0.0, 1.0],
                [0.998699, -0.036529, -0.03557, -0.0, 0.036644, 0.029171, 0.998902, 0.374721, -0.035451, -0.998907, 0.030472, -0.0, 0.0, 0.0, 0.0, 1.0],
                [0.998772, -0.036417, -0.033591, 0.0, 0.036532, 0.08336, 0.99585, 0.374721, -0.033466, -0.995854, 0.084588, -0.0, 0.0, 0.0, 0.0, 1.0],
                [0.998847, -0.036187, -0.031541, 0.0, 0.036301, 0.139477, 0.98956, 0.374721, -0.03141, -0.989564, 0.14063, 0.0, 0.0, 0.0, 0.0, 1.0],
                [0.998847, -0.036187, -0.031541, 0.0, 0.036301, 0.139477, 0.98956, 0.374721, -0.03141, -0.989564, 0.14063, 0.0, 0.0, 0.0, 0.0, 1.0]
            ]
        }
    ]
}